30
# x y z
10	0	0
13.344827586207	0	0
16.689655172414	0	0
20.034482758621	0	0
23.379310344828	0	0
26.724137931034	0	0
30.068965517241	0	0
33.413793103448	0	0
36.758620689655	0	0
40.103448275862	0	0
43.448275862069	0	0
46.793103448276	0	0
50.137931034483	0	0
53.48275862069	0	0
56.827586206897	0	0
60.172413793103	0	0
63.51724137931	0	0
66.862068965517	0	0
70.206896551724	0	0
73.551724137931	0	0
76.896551724138	0	0
80.241379310345	0	0
83.586206896552	0	0
86.931034482759	0	0
90.275862068966	0	0
93.620689655172	0	0
96.965517241379	0	0
100.31034482759	0	0
103.65517241379	0	0
107	0	0
378
# a b m n err i ip iperr k r rhoa u valid 
1	2	3	4	1.00000000000000e-02	0.00000000000000e+00	0.00000000000000e+00	0.00000000000000e+00	-6.30485146341124e+01	0.00000000000000e+00	8.19617613801084e+03	0.00000000000000e+00	1
2	3	4	5	1.00000000000000e-02	0.00000000000000e+00	0.00000000000000e+00	0.00000000000000e+00	-6.30485146341124e+01	0.00000000000000e+00	8.05067414443312e+03	0.00000000000000e+00	1
3	4	5	6	1.00000000000000e-02	0.00000000000000e+00	0.00000000000000e+00	0.00000000000000e+00	-6.30485146341124e+01	0.00000000000000e+00	8.16280556673146e+03	0.00000000000000e+00	1
4	5	6	7	1.00000000000000e-02	0.00000000000000e+00	0.00000000000000e+00	0.00000000000000e+00	-6.30485146341123e+01	0.00000000000000e+00	8.10030464950427e+03	0.00000000000000e+00	1
5	6	7	8	1.00000000000000e-02	0.00000000000000e+00	0.00000000000000e+00	0.00000000000000e+00	-6.30485146341125e+01	0.00000000000000e+00	8.20870510792930e+03	0.00000000000000e+00	1
6	7	8	9	1.00000000000000e-02	0.00000000000000e+00	0.00000000000000e+00	0.00000000000000e+00	-6.30485146341122e+01	0.00000000000000e+00	8.03235269489775e+03	0.00000000000000e+00	1
7	8	9	10	1.00000000000000e-02	0.00000000000000e+00	0.00000000000000e+00	0.00000000000000e+00	-6.30485146341127e+01	0.00000000000000e+00	8.20796854085127e+03	0.00000000000000e+00	1
8	9	10	11	1.00000000000000e-02	0.00000000000000e+00	0.00000000000000e+00	0.00000000000000e+00	-6.30485146341121e+01	0.00000000000000e+00	8.09922577043410e+03	0.00000000000000e+00	1
9	10	11	12	1.00000000000000e-02	0.00000000000000e+00	0.00000000000000e+00	0.00000000000000e+00	-6.30485146341124e+01	0.00000000000000e+00	8.32664601830437e+03	0.00000000000000e+00	1
10	11	12	13	1.00000000000000e-02	0.00000000000000e+00	0.00000000000000e+00	0.00000000000000e+00	-6.30485146341124e+01	0.00000000000000e+00	8.43836175994919e+03	0.00000000000000e+00	1
11	12	13	14	1.00000000000000e-02	0.00000000000000e+00	0.00000000000000e+00	0.00000000000000e+00	-6.30485146341124e+01	0.00000000000000e+00	8.17235524039009e+03	0.00000000000000e+00	1
12	13	14	15	1.00000000000000e-02	0.00000000000000e+00	0.00000000000000e+00	0.00000000000000e+00	-6.30485146341124e+01	0.00000000000000e+00	7.60649787553520e+03	0.00000000000000e+00	1
13	14	15	16	1.00000000000000e-02	0.00000000000000e+00	0.00000000000000e+00	0.00000000000000e+00	-6.30485146341124e+01	0.00000000000000e+00	7.57213356987510e+03	0.00000000000000e+00	1
14	15	16	17	1.00000000000000e-02	0.00000000000000e+00	0.00000000000000e+00	0.00000000000000e+00	-6.30485146341124e+01	0.00000000000000e+00	7.98695663900181e+03	0.00000000000000e+00	1
15	16	17	18	1.00000000000000e-02	0.00000000000000e+00	0.00000000000000e+00	0.00000000000000e+00	-6.30485146341124e+01	0.00000000000000e+00	7.85204279743222e+03	0.00000000000000e+00	1
16	17	18	19	1.00000000000000e-02	0.00000000000000e+00	0.00000000000000e+00	0.00000000000000e+00	-6.30485146341125e+01	0.00000000000000e+00	7.87452738329133e+03	0.00000000000000e+00	1
17	18	19	20	1.00000000000000e-02	0.00000000000000e+00	0.00000000000000e+00	0.00000000000000e+00	-6.30485146341121e+01	0.00000000000000e+00	8.04844737946902e+03	0.00000000000000e+00	1
18	19	20	21	1.00000000000000e-02	0.00000000000000e+00	0.00000000000000e+00	0.00000000000000e+00	-6.30485146341128e+01	0.00000000000000e+00	7.96078643815492e+03	0.00000000000000e+00	1
19	20	21	22	1.00000000000000e-02	0.00000000000000e+00	0.00000000000000e+00	0.00000000000000e+00	-6.30485146341121e+01	0.00000000000000e+00	7.92552431371952e+03	0.00000000000000e+00	1
20	21	22	23	1.00000000000000e-02	0.00000000000000e+00	0.00000000000000e+00	0.00000000000000e+00	-6.30485146341128e+01	0.00000000000000e+00	7.97606454961100e+03	0.00000000000000e+00	1
21	22	23	24	1.00000000000000e-02	0.00000000000000e+00	0.00000000000000e+00	0.00000000000000e+00	-6.30485146341121e+01	0.00000000000000e+00	8.00230845118106e+03	0.00000000000000e+00	1
22	23	24	25	1.00000000000000e-02	0.00000000000000e+00	0.00000000000000e+00	0.00000000000000e+00	-6.30485146341128e+01	0.00000000000000e+00	7.99190357207175e+03	0.00000000000000e+00	1
23	24	25	26	1.00000000000000e-02	0.00000000000000e+00	0.00000000000000e+00	0.00000000000000e+00	-6.30485146341121e+01	0.00000000000000e+00	7.95264173859472e+03	0.00000000000000e+00	1
24	25	26	27	1.00000000000000e-02	0.00000000000000e+00	0.00000000000000e+00	0.00000000000000e+00	-6.30485146341128e+01	0.00000000000000e+00	8.15004122142606e+03	0.00000000000000e+00	1
25	26	27	28	1.00000000000000e-02	0.00000000000000e+00	0.00000000000000e+00	0.00000000000000e+00	-6.30485146341121e+01	0.00000000000000e+00	7.90078587866920e+03	0.00000000000000e+00	1
26	27	28	29	1.00000000000000e-02	0.00000000000000e+00	0.00000000000000e+00	0.00000000000000e+00	-6.30485146341128e+01	0.00000000000000e+00	7.90983761005183e+03	0.00000000000000e+00	1
27	28	29	30	1.00000000000000e-02	0.00000000000000e+00	0.00000000000000e+00	0.00000000000000e+00	-6.30485146341121e+01	0.00000000000000e+00	8.17904558665058e+03	0.00000000000000e+00	1
1	2	4	5	1.00000000000000e-02	0.00000000000000e+00	0.00000000000000e+00	0.00000000000000e+00	-2.52194058536450e+02	0.00000000000000e+00	1.01824240421271e+04	0.00000000000000e+00	1
2	3	5	6	1.00000000000000e-02	0.00000000000000e+00	0.00000000000000e+00	0.00000000000000e+00	-2.52194058536450e+02	0.00000000000000e+00	1.05875333538505e+04	0.00000000000000e+00	1
3	4	6	7	1.00000000000000e-02	0.00000000000000e+00	0.00000000000000e+00	0.00000000000000e+00	-2.52194058536450e+02	0.00000000000000e+00	1.06433181911844e+04	0.00000000000000e+00	1
4	5	7	8	1.00000000000000e-02	0.00000000000000e+00	0.00000000000000e+00	0.00000000000000e+00	-2.52194058536450e+02	0.00000000000000e+00	1.05862892911963e+04	0.00000000000000e+00	1
5	6	8	9	1.00000000000000e-02	0.00000000000000e+00	0.00000000000000e+00	0.00000000000000e+00	-2.52194058536449e+02	0.00000000000000e+00	1.04349796551684e+04	0.00000000000000e+00	1
6	7	9	10	1.00000000000000e-02	0.00000000000000e+00	0.00000000000000e+00	0.00000000000000e+00	-2.52194058536450e+02	0.00000000000000e+00	1.04981303630712e+04	0.00000000000000e+00	1
7	8	10	11	1.00000000000000e-02	0.00000000000000e+00	0.00000000000000e+00	0.00000000000000e+00	-2.52194058536450e+02	0.00000000000000e+00	1.04137639067111e+04	0.00000000000000e+00	1
8	9	11	12	1.00000000000000e-02	0.00000000000000e+00	0.00000000000000e+00	0.00000000000000e+00	-2.52194058536449e+02	0.00000000000000e+00	1.08460946646388e+04	0.00000000000000e+00	1
9	10	12	13	1.00000000000000e-02	0.00000000000000e+00	0.00000000000000e+00	0.00000000000000e+00	-2.52194058536450e+02	0.00000000000000e+00	1.13564630784911e+04	0.00000000000000e+00	1
10	11	13	14	1.00000000000000e-02	0.00000000000000e+00	0.00000000000000e+00	0.00000000000000e+00	-2.52194058536450e+02	0.00000000000000e+00	1.02008726790423e+04	0.00000000000000e+00	1
11	12	14	15	1.00000000000000e-02	0.00000000000000e+00	0.00000000000000e+00	0.00000000000000e+00	-2.52194058536450e+02	0.00000000000000e+00	7.90723112949256e+03	0.00000000000000e+00	1
12	13	15	16	1.00000000000000e-02	0.00000000000000e+00	0.00000000000000e+00	0.00000000000000e+00	-2.52194058536450e+02	0.00000000000000e+00	6.72260399460217e+03	0.00000000000000e+00	1
13	14	16	17	1.00000000000000e-02	0.00000000000000e+00	0.00000000000000e+00	0.00000000000000e+00	-2.52194058536450e+02	0.00000000000000e+00	6.69458071931540e+03	0.00000000000000e+00	1
14	15	17	18	1.00000000000000e-02	0.00000000000000e+00	0.00000000000000e+00	0.00000000000000e+00	-2.52194058536450e+02	0.00000000000000e+00	7.09826499845473e+03	0.00000000000000e+00	1
15	16	18	19	1.00000000000000e-02	0.00000000000000e+00	0.00000000000000e+00	0.00000000000000e+00	-2.52194058536450e+02	0.00000000000000e+00	7.06335564272984e+03	0.00000000000000e+00	1
16	17	19	20	1.00000000000000e-02	0.00000000000000e+00	0.00000000000000e+00	0.00000000000000e+00	-2.52194058536449e+02	0.00000000000000e+00	7.22492848025572e+03	0.00000000000000e+00	1
17	18	20	21	1.00000000000000e-02	0.00000000000000e+00	0.00000000000000e+00	0.00000000000000e+00	-2.52194058536450e+02	0.00000000000000e+00	7.09997757975106e+03	0.00000000000000e+00	1
18	19	21	22	1.00000000000000e-02	0.00000000000000e+00	0.00000000000000e+00	0.00000000000000e+00	-2.52194058536450e+02	0.00000000000000e+00	7.12090995278114e+03	0.00000000000000e+00	1
19	20	22	23	1.00000000000000e-02	0.00000000000000e+00	0.00000000000000e+00	0.00000000000000e+00	-2.52194058536450e+02	0.00000000000000e+00	7.12035596250002e+03	0.00000000000000e+00	1
20	21	23	24	1.00000000000000e-02	0.00000000000000e+00	0.00000000000000e+00	0.00000000000000e+00	-2.52194058536450e+02	0.00000000000000e+00	7.28922590456700e+03	0.00000000000000e+00	1
21	22	24	25	1.00000000000000e-02	0.00000000000000e+00	0.00000000000000e+00	0.00000000000000e+00	-2.52194058536450e+02	0.00000000000000e+00	7.18459156398799e+03	0.00000000000000e+00	1
22	23	25	26	1.00000000000000e-02	0.00000000000000e+00	0.00000000000000e+00	0.00000000000000e+00	-2.52194058536450e+02	0.00000000000000e+00	7.10422835299619e+03	0.00000000000000e+00	1
23	24	26	27	1.00000000000000e-02	0.00000000000000e+00	0.00000000000000e+00	0.00000000000000e+00	-2.52194058536450e+02	0.00000000000000e+00	7.19418969634786e+03	0.00000000000000e+00	1
24	25	27	28	1.00000000000000e-02	0.00000000000000e+00	0.00000000000000e+00	0.00000000000000e+00	-2.52194058536450e+02	0.00000000000000e+00	7.25515117844774e+03	0.00000000000000e+00	1
25	26	28	29	1.00000000000000e-02	0.00000000000000e+00	0.00000000000000e+00	0.00000000000000e+00	-2.52194058536450e+02	0.00000000000000e+00	7.00934141585339e+03	0.00000000000000e+00	1
26	27	29	30	1.00000000000000e-02	0.00000000000000e+00	0.00000000000000e+00	0.00000000000000e+00	-2.52194058536450e+02	0.00000000000000e+00	7.24118811598297e+03	0.00000000000000e+00	1
1	2	5	6	1.00000000000000e-02	0.00000000000000e+00	0.00000000000000e+00	0.00000000000000e+00	-6.30485146341124e+02	0.00000000000000e+00	1.37546248318719e+04	0.00000000000000e+00	1
2	3	6	7	1.00000000000000e-02	0.00000000000000e+00	0.00000000000000e+00	0.00000000000000e+00	-6.30485146341122e+02	0.00000000000000e+00	1.42468866688911e+04	0.00000000000000e+00	1
3	4	7	8	1.00000000000000e-02	0.00000000000000e+00	0.00000000000000e+00	0.00000000000000e+00	-6.30485146341123e+02	0.00000000000000e+00	1.38936535276480e+04	0.00000000000000e+00	1
4	5	8	9	1.00000000000000e-02	0.00000000000000e+00	0.00000000000000e+00	0.00000000000000e+00	-6.30485146341122e+02	0.00000000000000e+00	1.37595118222662e+04	0.00000000000000e+00	1
5	6	9	10	1.00000000000000e-02	0.00000000000000e+00	0.00000000000000e+00	0.00000000000000e+00	-6.30485146341126e+02	0.00000000000000e+00	1.40224426077084e+04	0.00000000000000e+00	1
6	7	10	11	1.00000000000000e-02	0.00000000000000e+00	0.00000000000000e+00	0.00000000000000e+00	-6.30485146341122e+02	0.00000000000000e+00	1.44171310395180e+04	0.00000000000000e+00	1
7	8	11	12	1.00000000000000e-02	0.00000000000000e+00	0.00000000000000e+00	0.00000000000000e+00	-6.30485146341124e+02	0.00000000000000e+00	1.45549825763407e+04	0.00000000000000e+00	1
8	9	12	13	1.00000000000000e-02	0.00000000000000e+00	0.00000000000000e+00	0.00000000000000e+00	-6.30485146341122e+02	0.00000000000000e+00	1.51473784689296e+04	0.00000000000000e+00	1
9	10	13	14	1.00000000000000e-02	0.00000000000000e+00	0.00000000000000e+00	0.00000000000000e+00	-6.30485146341125e+02	0.00000000000000e+00	1.34011616316203e+04	0.00000000000000e+00	1
10	11	14	15	1.00000000000000e-02	0.00000000000000e+00	0.00000000000000e+00	0.00000000000000e+00	-6.30485146341124e+02	0.00000000000000e+00	9.74985487843991e+03	0.00000000000000e+00	1
11	12	15	16	1.00000000000000e-02	0.00000000000000e+00	0.00000000000000e+00	0.00000000000000e+00	-6.30485146341124e+02	0.00000000000000e+00	6.85210651145203e+03	0.00000000000000e+00	1
12	13	16	17	1.00000000000000e-02	0.00000000000000e+00	0.00000000000000e+00	0.00000000000000e+00	-6.30485146341124e+02	0.00000000000000e+00	5.58783297064250e+03	0.00000000000000e+00	1
13	14	17	18	1.00000000000000e-02	0.00000000000000e+00	0.00000000000000e+00	0.00000000000000e+00	-6.30485146341124e+02	0.00000000000000e+00	5.41868155545933e+03	0.00000000000000e+00	1
14	15	18	19	1.00000000000000e-02	0.00000000000000e+00	0.00000000000000e+00	0.00000000000000e+00	-6.30485146341125e+02	0.00000000000000e+00	5.55356504829449e+03	0.00000000000000e+00	1
15	16	19	20	1.00000000000000e-02	0.00000000000000e+00	0.00000000000000e+00	0.00000000000000e+00	-6.30485146341122e+02	0.00000000000000e+00	5.75424692692571e+03	0.00000000000000e+00	1
16	17	20	21	1.00000000000000e-02	0.00000000000000e+00	0.00000000000000e+00	0.00000000000000e+00	-6.30485146341125e+02	0.00000000000000e+00	5.88817779504443e+03	0.00000000000000e+00	1
17	18	21	22	1.00000000000000e-02	0.00000000000000e+00	0.00000000000000e+00	0.00000000000000e+00	-6.30485146341122e+02	0.00000000000000e+00	5.86937146439554e+03	0.00000000000000e+00	1
18	19	22	23	1.00000000000000e-02	0.00000000000000e+00	0.00000000000000e+00	0.00000000000000e+00	-6.30485146341126e+02	0.00000000000000e+00	5.83155177464681e+03	0.00000000000000e+00	1
19	20	23	24	1.00000000000000e-02	0.00000000000000e+00	0.00000000000000e+00	0.00000000000000e+00	-6.30485146341121e+02	0.00000000000000e+00	6.01837616665390e+03	0.00000000000000e+00	1
20	21	24	25	1.00000000000000e-02	0.00000000000000e+00	0.00000000000000e+00	0.00000000000000e+00	-6.30485146341126e+02	0.00000000000000e+00	5.89977686029610e+03	0.00000000000000e+00	1
21	22	25	26	1.00000000000000e-02	0.00000000000000e+00	0.00000000000000e+00	0.00000000000000e+00	-6.30485146341121e+02	0.00000000000000e+00	5.82292921843448e+03	0.00000000000000e+00	1
22	23	26	27	1.00000000000000e-02	0.00000000000000e+00	0.00000000000000e+00	0.00000000000000e+00	-6.30485146341126e+02	0.00000000000000e+00	5.92241776637450e+03	0.00000000000000e+00	1
23	24	27	28	1.00000000000000e-02	0.00000000000000e+00	0.00000000000000e+00	0.00000000000000e+00	-6.30485146341121e+02	0.00000000000000e+00	6.00947397254441e+03	0.00000000000000e+00	1
24	25	28	29	1.00000000000000e-02	0.00000000000000e+00	0.00000000000000e+00	0.00000000000000e+00	-6.30485146341126e+02	0.00000000000000e+00	5.92309166161876e+03	0.00000000000000e+00	1
25	26	29	30	1.00000000000000e-02	0.00000000000000e+00	0.00000000000000e+00	0.00000000000000e+00	-6.30485146341121e+02	0.00000000000000e+00	5.84271763748854e+03	0.00000000000000e+00	1
1	2	6	7	1.00000000000000e-02	0.00000000000000e+00	0.00000000000000e+00	0.00000000000000e+00	-1.26097029268225e+03	0.00000000000000e+00	1.72195726808807e+04	0.00000000000000e+00	1
2	3	7	8	1.00000000000000e-02	0.00000000000000e+00	0.00000000000000e+00	0.00000000000000e+00	-1.26097029268225e+03	0.00000000000000e+00	1.74068228446313e+04	0.00000000000000e+00	1
3	4	8	9	1.00000000000000e-02	0.00000000000000e+00	0.00000000000000e+00	0.00000000000000e+00	-1.26097029268224e+03	0.00000000000000e+00	1.74788705110873e+04	0.00000000000000e+00	1
4	5	9	10	1.00000000000000e-02	0.00000000000000e+00	0.00000000000000e+00	0.00000000000000e+00	-1.26097029268225e+03	0.00000000000000e+00	1.77557551010242e+04	0.00000000000000e+00	1
5	6	10	11	1.00000000000000e-02	0.00000000000000e+00	0.00000000000000e+00	0.00000000000000e+00	-1.26097029268225e+03	0.00000000000000e+00	1.85998516045764e+04	0.00000000000000e+00	1
6	7	11	12	1.00000000000000e-02	0.00000000000000e+00	0.00000000000000e+00	0.00000000000000e+00	-1.26097029268225e+03	0.00000000000000e+00	1.92411235993966e+04	0.00000000000000e+00	1
7	8	12	13	1.00000000000000e-02	0.00000000000000e+00	0.00000000000000e+00	0.00000000000000e+00	-1.26097029268225e+03	0.00000000000000e+00	1.95503421960321e+04	0.00000000000000e+00	1
8	9	13	14	1.00000000000000e-02	0.00000000000000e+00	0.00000000000000e+00	0.00000000000000e+00	-1.26097029268224e+03	0.00000000000000e+00	1.72127647047237e+04	0.00000000000000e+00	1
9	10	14	15	1.00000000000000e-02	0.00000000000000e+00	0.00000000000000e+00	0.00000000000000e+00	-1.26097029268225e+03	0.00000000000000e+00	1.16210847471560e+04	0.00000000000000e+00	1
10	11	15	16	1.00000000000000e-02	0.00000000000000e+00	0.00000000000000e+00	0.00000000000000e+00	-1.26097029268224e+03	0.00000000000000e+00	7.82650622499742e+03	0.00000000000000e+00	1
11	12	16	17	1.00000000000000e-02	0.00000000000000e+00	0.00000000000000e+00	0.00000000000000e+00	-1.26097029268224e+03	0.00000000000000e+00	5.78827611349703e+03	0.00000000000000e+00	1
12	13	17	18	1.00000000000000e-02	0.00000000000000e+00	0.00000000000000e+00	0.00000000000000e+00	-1.26097029268224e+03	0.00000000000000e+00	4.74515182027884e+03	0.00000000000000e+00	1
13	14	18	19	1.00000000000000e-02	0.00000000000000e+00	0.00000000000000e+00	0.00000000000000e+00	-1.26097029268225e+03	0.00000000000000e+00	4.46733699571498e+03	0.00000000000000e+00	1
14	15	19	20	1.00000000000000e-02	0.00000000000000e+00	0.00000000000000e+00	0.00000000000000e+00	-1.26097029268224e+03	0.00000000000000e+00	4.52719285767479e+03	0.00000000000000e+00	1
15	16	20	21	1.00000000000000e-02	0.00000000000000e+00	0.00000000000000e+00	0.00000000000000e+00	-1.26097029268225e+03	0.00000000000000e+00	4.62956632358393e+03	0.00000000000000e+00	1
16	17	21	22	1.00000000000000e-02	0.00000000000000e+00	0.00000000000000e+00	0.00000000000000e+00	-1.26097029268224e+03	0.00000000000000e+00	4.82233482071823e+03	0.00000000000000e+00	1
17	18	22	23	1.00000000000000e-02	0.00000000000000e+00	0.00000000000000e+00	0.00000000000000e+00	-1.26097029268225e+03	0.00000000000000e+00	4.85675597321473e+03	0.00000000000000e+00	1
18	19	23	24	1.00000000000000e-02	0.00000000000000e+00	0.00000000000000e+00	0.00000000000000e+00	-1.26097029268225e+03	0.00000000000000e+00	4.85105144014404e+03	0.00000000000000e+00	1
19	20	24	25	1.00000000000000e-02	0.00000000000000e+00	0.00000000000000e+00	0.00000000000000e+00	-1.26097029268225e+03	0.00000000000000e+00	4.86493873772546e+03	0.00000000000000e+00	1
20	21	25	26	1.00000000000000e-02	0.00000000000000e+00	0.00000000000000e+00	0.00000000000000e+00	-1.26097029268225e+03	0.00000000000000e+00	4.89102221621584e+03	0.00000000000000e+00	1
21	22	26	27	1.00000000000000e-02	0.00000000000000e+00	0.00000000000000e+00	0.00000000000000e+00	-1.26097029268225e+03	0.00000000000000e+00	4.89814546821975e+03	0.00000000000000e+00	1
22	23	27	28	1.00000000000000e-02	0.00000000000000e+00	0.00000000000000e+00	0.00000000000000e+00	-1.26097029268225e+03	0.00000000000000e+00	4.83383305854040e+03	0.00000000000000e+00	1
23	24	28	29	1.00000000000000e-02	0.00000000000000e+00	0.00000000000000e+00	0.00000000000000e+00	-1.26097029268225e+03	0.00000000000000e+00	4.89611147820899e+03	0.00000000000000e+00	1
24	25	29	30	1.00000000000000e-02	0.00000000000000e+00	0.00000000000000e+00	0.00000000000000e+00	-1.26097029268225e+03	0.00000000000000e+00	4.91479710479064e+03	0.00000000000000e+00	1
1	2	7	8	1.00000000000000e-02	0.00000000000000e+00	0.00000000000000e+00	0.00000000000000e+00	-2.20669801219393e+03	0.00000000000000e+00	2.08972689232289e+04	0.00000000000000e+00	1
2	3	8	9	1.00000000000000e-02	0.00000000000000e+00	0.00000000000000e+00	0.00000000000000e+00	-2.20669801219393e+03	0.00000000000000e+00	2.08120657716316e+04	0.00000000000000e+00	1
3	4	9	10	1.00000000000000e-02	0.00000000000000e+00	0.00000000000000e+00	0.00000000000000e+00	-2.20669801219395e+03	0.00000000000000e+00	2.18623293052688e+04	0.00000000000000e+00	1
4	5	10	11	1.00000000000000e-02	0.00000000000000e+00	0.00000000000000e+00	0.00000000000000e+00	-2.20669801219394e+03	0.00000000000000e+00	2.25446651994245e+04	0.00000000000000e+00	1
5	6	11	12	1.00000000000000e-02	0.00000000000000e+00	0.00000000000000e+00	0.00000000000000e+00	-2.20669801219393e+03	0.00000000000000e+00	2.36601582616630e+04	0.00000000000000e+00	1
6	7	12	13	1.00000000000000e-02	0.00000000000000e+00	0.00000000000000e+00	0.00000000000000e+00	-2.20669801219392e+03	0.00000000000000e+00	2.42968450487597e+04	0.00000000000000e+00	1
7	8	13	14	1.00000000000000e-02	0.00000000000000e+00	0.00000000000000e+00	0.00000000000000e+00	-2.20669801219393e+03	0.00000000000000e+00	2.01488432205103e+04	0.00000000000000e+00	1
8	9	14	15	1.00000000000000e-02	0.00000000000000e+00	0.00000000000000e+00	0.00000000000000e+00	-2.20669801219393e+03	0.00000000000000e+00	1.39887558081887e+04	0.00000000000000e+00	1
9	10	15	16	1.00000000000000e-02	0.00000000000000e+00	0.00000000000000e+00	0.00000000000000e+00	-2.20669801219395e+03	0.00000000000000e+00	9.01546412829739e+03	0.00000000000000e+00	1
10	11	16	17	1.00000000000000e-02	0.00000000000000e+00	0.00000000000000e+00	0.00000000000000e+00	-2.20669801219394e+03	0.00000000000000e+00	6.44158859930195e+03	0.00000000000000e+00	1
11	12	17	18	1.00000000000000e-02	0.00000000000000e+00	0.00000000000000e+00	0.00000000000000e+00	-2.20669801219394e+03	0.00000000000000e+00	5.13520875803934e+03	0.00000000000000e+00	1
12	13	18	19	1.00000000000000e-02	0.00000000000000e+00	0.00000000000000e+00	0.00000000000000e+00	-2.20669801219395e+03	0.00000000000000e+00	4.32605171279857e+03	0.00000000000000e+00	1
13	14	19	20	1.00000000000000e-02	0.00000000000000e+00	0.00000000000000e+00	0.00000000000000e+00	-2.20669801219393e+03	0.00000000000000e+00	3.79867513626282e+03	0.00000000000000e+00	1
14	15	20	21	1.00000000000000e-02	0.00000000000000e+00	0.00000000000000e+00	0.00000000000000e+00	-2.20669801219395e+03	0.00000000000000e+00	3.71358161666145e+03	0.00000000000000e+00	1
15	16	21	22	1.00000000000000e-02	0.00000000000000e+00	0.00000000000000e+00	0.00000000000000e+00	-2.20669801219393e+03	0.00000000000000e+00	3.90422249685416e+03	0.00000000000000e+00	1
16	17	22	23	1.00000000000000e-02	0.00000000000000e+00	0.00000000000000e+00	0.00000000000000e+00	-2.20669801219395e+03	0.00000000000000e+00	4.07498036021075e+03	0.00000000000000e+00	1
17	18	23	24	1.00000000000000e-02	0.00000000000000e+00	0.00000000000000e+00	0.00000000000000e+00	-2.20669801219393e+03	0.00000000000000e+00	4.25557011027346e+03	0.00000000000000e+00	1
18	19	24	25	1.00000000000000e-02	0.00000000000000e+00	0.00000000000000e+00	0.00000000000000e+00	-2.20669801219395e+03	0.00000000000000e+00	4.15510721727029e+03	0.00000000000000e+00	1
19	20	25	26	1.00000000000000e-02	0.00000000000000e+00	0.00000000000000e+00	0.00000000000000e+00	-2.20669801219393e+03	0.00000000000000e+00	4.17038279478509e+03	0.00000000000000e+00	1
20	21	26	27	1.00000000000000e-02	0.00000000000000e+00	0.00000000000000e+00	0.00000000000000e+00	-2.20669801219395e+03	0.00000000000000e+00	4.29394343741531e+03	0.00000000000000e+00	1
21	22	27	28	1.00000000000000e-02	0.00000000000000e+00	0.00000000000000e+00	0.00000000000000e+00	-2.20669801219393e+03	0.00000000000000e+00	4.25435028316084e+03	0.00000000000000e+00	1
22	23	28	29	1.00000000000000e-02	0.00000000000000e+00	0.00000000000000e+00	0.00000000000000e+00	-2.20669801219395e+03	0.00000000000000e+00	4.22189306583160e+03	0.00000000000000e+00	1
23	24	29	30	1.00000000000000e-02	0.00000000000000e+00	0.00000000000000e+00	0.00000000000000e+00	-2.20669801219393e+03	0.00000000000000e+00	4.26859369963048e+03	0.00000000000000e+00	1
1	2	8	9	1.00000000000000e-02	0.00000000000000e+00	0.00000000000000e+00	0.00000000000000e+00	-3.53071681951027e+03	0.00000000000000e+00	2.36280391509027e+04	0.00000000000000e+00	1
2	3	9	10	1.00000000000000e-02	0.00000000000000e+00	0.00000000000000e+00	0.00000000000000e+00	-3.53071681951029e+03	0.00000000000000e+00	2.50432687797026e+04	0.00000000000000e+00	1
3	4	10	11	1.00000000000000e-02	0.00000000000000e+00	0.00000000000000e+00	0.00000000000000e+00	-3.53071681951027e+03	0.00000000000000e+00	2.59865441487151e+04	0.00000000000000e+00	1
4	5	11	12	1.00000000000000e-02	0.00000000000000e+00	0.00000000000000e+00	0.00000000000000e+00	-3.53071681951027e+03	0.00000000000000e+00	2.72669285060575e+04	0.00000000000000e+00	1
5	6	12	13	1.00000000000000e-02	0.00000000000000e+00	0.00000000000000e+00	0.00000000000000e+00	-3.53071681951030e+03	0.00000000000000e+00	2.87588843699951e+04	0.00000000000000e+00	1
6	7	13	14	1.00000000000000e-02	0.00000000000000e+00	0.00000000000000e+00	0.00000000000000e+00	-3.53071681951031e+03	0.00000000000000e+00	2.41123038751936e+04	0.00000000000000e+00	1
7	8	14	15	1.00000000000000e-02	0.00000000000000e+00	0.00000000000000e+00	0.00000000000000e+00	-3.53071681951030e+03	0.00000000000000e+00	1.60375873397231e+04	0.00000000000000e+00	1
8	9	15	16	1.00000000000000e-02	0.00000000000000e+00	0.00000000000000e+00	0.00000000000000e+00	-3.53071681951027e+03	0.00000000000000e+00	1.01687853616655e+04	0.00000000000000e+00	1
9	10	16	17	1.00000000000000e-02	0.00000000000000e+00	0.00000000000000e+00	0.00000000000000e+00	-3.53071681951029e+03	0.00000000000000e+00	7.40738316606609e+03	0.00000000000000e+00	1
10	11	17	18	1.00000000000000e-02	0.00000000000000e+00	0.00000000000000e+00	0.00000000000000e+00	-3.53071681951029e+03	0.00000000000000e+00	5.77730208197887e+03	0.00000000000000e+00	1
11	12	18	19	1.00000000000000e-02	0.00000000000000e+00	0.00000000000000e+00	0.00000000000000e+00	-3.53071681951029e+03	0.00000000000000e+00	4.81038015038427e+03	0.00000000000000e+00	1
12	13	19	20	1.00000000000000e-02	0.00000000000000e+00	0.00000000000000e+00	0.00000000000000e+00	-3.53071681951027e+03	0.00000000000000e+00	4.11648782502936e+03	0.00000000000000e+00	1
13	14	20	21	1.00000000000000e-02	0.00000000000000e+00	0.00000000000000e+00	0.00000000000000e+00	-3.53071681951029e+03	0.00000000000000e+00	3.57391761211072e+03	0.00000000000000e+00	1
14	15	21	22	1.00000000000000e-02	0.00000000000000e+00	0.00000000000000e+00	0.00000000000000e+00	-3.53071681951027e+03	0.00000000000000e+00	3.38624568798691e+03	0.00000000000000e+00	1
15	16	22	23	1.00000000000000e-02	0.00000000000000e+00	0.00000000000000e+00	0.00000000000000e+00	-3.53071681951029e+03	0.00000000000000e+00	3.59180679719289e+03	0.00000000000000e+00	1
16	17	23	24	1.00000000000000e-02	0.00000000000000e+00	0.00000000000000e+00	0.00000000000000e+00	-3.53071681951027e+03	0.00000000000000e+00	3.75029091779458e+03	0.00000000000000e+00	1
17	18	24	25	1.00000000000000e-02	0.00000000000000e+00	0.00000000000000e+00	0.00000000000000e+00	-3.53071681951029e+03	0.00000000000000e+00	3.84840654709846e+03	0.00000000000000e+00	1
18	19	25	26	1.00000000000000e-02	0.00000000000000e+00	0.00000000000000e+00	0.00000000000000e+00	-3.53071681951029e+03	0.00000000000000e+00	3.86025221449553e+03	0.00000000000000e+00	1
19	20	26	27	1.00000000000000e-02	0.00000000000000e+00	0.00000000000000e+00	0.00000000000000e+00	-3.53071681951029e+03	0.00000000000000e+00	3.86768300178502e+03	0.00000000000000e+00	1
20	21	27	28	1.00000000000000e-02	0.00000000000000e+00	0.00000000000000e+00	0.00000000000000e+00	-3.53071681951029e+03	0.00000000000000e+00	3.84891661144449e+03	0.00000000000000e+00	1
21	22	28	29	1.00000000000000e-02	0.00000000000000e+00	0.00000000000000e+00	0.00000000000000e+00	-3.53071681951029e+03	0.00000000000000e+00	3.99419952192191e+03	0.00000000000000e+00	1
22	23	29	30	1.00000000000000e-02	0.00000000000000e+00	0.00000000000000e+00	0.00000000000000e+00	-3.53071681951029e+03	0.00000000000000e+00	4.01284261639334e+03	0.00000000000000e+00	1
1	2	9	10	1.00000000000000e-02	0.00000000000000e+00	0.00000000000000e+00	0.00000000000000e+00	-5.29607522926546e+03	0.00000000000000e+00	2.72163250553299e+04	0.00000000000000e+00	1
2	3	10	11	1.00000000000000e-02	0.00000000000000e+00	0.00000000000000e+00	0.00000000000000e+00	-5.29607522926546e+03	0.00000000000000e+00	2.89301082220798e+04	0.00000000000000e+00	1
3	4	11	12	1.00000000000000e-02	0.00000000000000e+00	0.00000000000000e+00	0.00000000000000e+00	-5.29607522926546e+03	0.00000000000000e+00	3.12746763497953e+04	0.00000000000000e+00	1
4	5	12	13	1.00000000000000e-02	0.00000000000000e+00	0.00000000000000e+00	0.00000000000000e+00	-5.29607522926546e+03	0.00000000000000e+00	3.14574424020290e+04	0.00000000000000e+00	1
5	6	13	14	1.00000000000000e-02	0.00000000000000e+00	0.00000000000000e+00	0.00000000000000e+00	-5.29607522926543e+03	0.00000000000000e+00	2.72478995995423e+04	0.00000000000000e+00	1
6	7	14	15	1.00000000000000e-02	0.00000000000000e+00	0.00000000000000e+00	0.00000000000000e+00	-5.29607522926541e+03	0.00000000000000e+00	1.77963617190154e+04	0.00000000000000e+00	1
7	8	15	16	1.00000000000000e-02	0.00000000000000e+00	0.00000000000000e+00	0.00000000000000e+00	-5.29607522926543e+03	0.00000000000000e+00	1.12315826865246e+04	0.00000000000000e+00	1
8	9	16	17	1.00000000000000e-02	0.00000000000000e+00	0.00000000000000e+00	0.00000000000000e+00	-5.29607522926543e+03	0.00000000000000e+00	7.96809645525243e+03	0.00000000000000e+00	1
9	10	17	18	1.00000000000000e-02	0.00000000000000e+00	0.00000000000000e+00	0.00000000000000e+00	-5.29607522926546e+03	0.00000000000000e+00	6.34977779482037e+03	0.00000000000000e+00	1
10	11	18	19	1.00000000000000e-02	0.00000000000000e+00	0.00000000000000e+00	0.00000000000000e+00	-5.29607522926546e+03	0.00000000000000e+00	5.42185598004750e+03	0.00000000000000e+00	1
11	12	19	20	1.00000000000000e-02	0.00000000000000e+00	0.00000000000000e+00	0.00000000000000e+00	-5.29607522926543e+03	0.00000000000000e+00	4.60235961176877e+03	0.00000000000000e+00	1
12	13	20	21	1.00000000000000e-02	0.00000000000000e+00	0.00000000000000e+00	0.00000000000000e+00	-5.29607522926546e+03	0.00000000000000e+00	3.97368912007908e+03	0.00000000000000e+00	1
13	14	21	22	1.00000000000000e-02	0.00000000000000e+00	0.00000000000000e+00	0.00000000000000e+00	-5.29607522926543e+03	0.00000000000000e+00	3.43795632706626e+03	0.00000000000000e+00	1
14	15	22	23	1.00000000000000e-02	0.00000000000000e+00	0.00000000000000e+00	0.00000000000000e+00	-5.29607522926546e+03	0.00000000000000e+00	3.18565315397955e+03	0.00000000000000e+00	1
15	16	23	24	1.00000000000000e-02	0.00000000000000e+00	0.00000000000000e+00	0.00000000000000e+00	-5.29607522926543e+03	0.00000000000000e+00	3.32230627362041e+03	0.00000000000000e+00	1
16	17	24	25	1.00000000000000e-02	0.00000000000000e+00	0.00000000000000e+00	0.00000000000000e+00	-5.29607522926546e+03	0.00000000000000e+00	3.60005302806436e+03	0.00000000000000e+00	1
17	18	25	26	1.00000000000000e-02	0.00000000000000e+00	0.00000000000000e+00	0.00000000000000e+00	-5.29607522926543e+03	0.00000000000000e+00	3.58928484972123e+03	0.00000000000000e+00	1
18	19	26	27	1.00000000000000e-02	0.00000000000000e+00	0.00000000000000e+00	0.00000000000000e+00	-5.29607522926546e+03	0.00000000000000e+00	3.77198563324291e+03	0.00000000000000e+00	1
19	20	27	28	1.00000000000000e-02	0.00000000000000e+00	0.00000000000000e+00	0.00000000000000e+00	-5.29607522926541e+03	0.00000000000000e+00	3.71068624352576e+03	0.00000000000000e+00	1
20	21	28	29	1.00000000000000e-02	0.00000000000000e+00	0.00000000000000e+00	0.00000000000000e+00	-5.29607522926546e+03	0.00000000000000e+00	3.86800281644224e+03	0.00000000000000e+00	1
21	22	29	30	1.00000000000000e-02	0.00000000000000e+00	0.00000000000000e+00	0.00000000000000e+00	-5.29607522926541e+03	0.00000000000000e+00	3.93760536925917e+03	0.00000000000000e+00	1
1	2	10	11	1.00000000000000e-02	0.00000000000000e+00	0.00000000000000e+00	0.00000000000000e+00	-7.56582175609345e+03	0.00000000000000e+00	3.09148469770219e+04	0.00000000000000e+00	1
2	3	11	12	1.00000000000000e-02	0.00000000000000e+00	0.00000000000000e+00	0.00000000000000e+00	-7.56582175609345e+03	0.00000000000000e+00	3.44873033037008e+04	0.00000000000000e+00	1
3	4	12	13	1.00000000000000e-02	0.00000000000000e+00	0.00000000000000e+00	0.00000000000000e+00	-7.56582175609345e+03	0.00000000000000e+00	3.52115478826419e+04	0.00000000000000e+00	1
4	5	13	14	1.00000000000000e-02	0.00000000000000e+00	0.00000000000000e+00	0.00000000000000e+00	-7.56582175609345e+03	0.00000000000000e+00	3.00385108434993e+04	0.00000000000000e+00	1
5	6	14	15	1.00000000000000e-02	0.00000000000000e+00	0.00000000000000e+00	0.00000000000000e+00	-7.56582175609350e+03	0.00000000000000e+00	1.93489609860283e+04	0.00000000000000e+00	1
6	7	15	16	1.00000000000000e-02	0.00000000000000e+00	0.00000000000000e+00	0.00000000000000e+00	-7.56582175609355e+03	0.00000000000000e+00	1.22679117408574e+04	0.00000000000000e+00	1
7	8	16	17	1.00000000000000e-02	0.00000000000000e+00	0.00000000000000e+00	0.00000000000000e+00	-7.56582175609355e+03	0.00000000000000e+00	8.71162704896265e+03	0.00000000000000e+00	1
8	9	17	18	1.00000000000000e-02	0.00000000000000e+00	0.00000000000000e+00	0.00000000000000e+00	-7.56582175609350e+03	0.00000000000000e+00	6.99720324624498e+03	0.00000000000000e+00	1
9	10	18	19	1.00000000000000e-02	0.00000000000000e+00	0.00000000000000e+00	0.00000000000000e+00	-7.56582175609350e+03	0.00000000000000e+00	5.89026400773294e+03	0.00000000000000e+00	1
10	11	19	20	1.00000000000000e-02	0.00000000000000e+00	0.00000000000000e+00	0.00000000000000e+00	-7.56582175609350e+03	0.00000000000000e+00	5.10711521155700e+03	0.00000000000000e+00	1
11	12	20	21	1.00000000000000e-02	0.00000000000000e+00	0.00000000000000e+00	0.00000000000000e+00	-7.56582175609350e+03	0.00000000000000e+00	4.63129972747489e+03	0.00000000000000e+00	1
12	13	21	22	1.00000000000000e-02	0.00000000000000e+00	0.00000000000000e+00	0.00000000000000e+00	-7.56582175609350e+03	0.00000000000000e+00	4.09026677746341e+03	0.00000000000000e+00	1
13	14	22	23	1.00000000000000e-02	0.00000000000000e+00	0.00000000000000e+00	0.00000000000000e+00	-7.56582175609350e+03	0.00000000000000e+00	3.39465470591444e+03	0.00000000000000e+00	1
14	15	23	24	1.00000000000000e-02	0.00000000000000e+00	0.00000000000000e+00	0.00000000000000e+00	-7.56582175609350e+03	0.00000000000000e+00	3.13566901572865e+03	0.00000000000000e+00	1
15	16	24	25	1.00000000000000e-02	0.00000000000000e+00	0.00000000000000e+00	0.00000000000000e+00	-7.56582175609350e+03	0.00000000000000e+00	3.24316774308441e+03	0.00000000000000e+00	1
16	17	25	26	1.00000000000000e-02	0.00000000000000e+00	0.00000000000000e+00	0.00000000000000e+00	-7.56582175609350e+03	0.00000000000000e+00	3.38378179585021e+03	0.00000000000000e+00	1
17	18	26	27	1.00000000000000e-02	0.00000000000000e+00	0.00000000000000e+00	0.00000000000000e+00	-7.56582175609350e+03	0.00000000000000e+00	3.69703194964132e+03	0.00000000000000e+00	1
18	19	27	28	1.00000000000000e-02	0.00000000000000e+00	0.00000000000000e+00	0.00000000000000e+00	-7.56582175609355e+03	0.00000000000000e+00	3.72299458729020e+03	0.00000000000000e+00	1
19	20	28	29	1.00000000000000e-02	0.00000000000000e+00	0.00000000000000e+00	0.00000000000000e+00	-7.56582175609355e+03	0.00000000000000e+00	3.77875776321430e+03	0.00000000000000e+00	1
20	21	29	30	1.00000000000000e-02	0.00000000000000e+00	0.00000000000000e+00	0.00000000000000e+00	-7.56582175609355e+03	0.00000000000000e+00	3.83523569357667e+03	0.00000000000000e+00	1
1	2	11	12	1.00000000000000e-02	0.00000000000000e+00	0.00000000000000e+00	0.00000000000000e+00	-1.04030049146286e+04	0.00000000000000e+00	3.46865648356652e+04	0.00000000000000e+00	1
2	3	12	13	1.00000000000000e-02	0.00000000000000e+00	0.00000000000000e+00	0.00000000000000e+00	-1.04030049146286e+04	0.00000000000000e+00	3.80192523810468e+04	0.00000000000000e+00	1
3	4	13	14	1.00000000000000e-02	0.00000000000000e+00	0.00000000000000e+00	0.00000000000000e+00	-1.04030049146286e+04	0.00000000000000e+00	3.14750659140846e+04	0.00000000000000e+00	1
4	5	14	15	1.00000000000000e-02	0.00000000000000e+00	0.00000000000000e+00	0.00000000000000e+00	-1.04030049146286e+04	0.00000000000000e+00	2.09056297250467e+04	0.00000000000000e+00	1
5	6	15	16	1.00000000000000e-02	0.00000000000000e+00	0.00000000000000e+00	0.00000000000000e+00	-1.04030049146285e+04	0.00000000000000e+00	1.33874983476368e+04	0.00000000000000e+00	1
6	7	16	17	1.00000000000000e-02	0.00000000000000e+00	0.00000000000000e+00	0.00000000000000e+00	-1.04030049146283e+04	0.00000000000000e+00	9.52027381550547e+03	0.00000000000000e+00	1
7	8	17	18	1.00000000000000e-02	0.00000000000000e+00	0.00000000000000e+00	0.00000000000000e+00	-1.04030049146283e+04	0.00000000000000e+00	7.30893976828365e+03	0.00000000000000e+00	1
8	9	18	19	1.00000000000000e-02	0.00000000000000e+00	0.00000000000000e+00	0.00000000000000e+00	-1.04030049146285e+04	0.00000000000000e+00	6.23665699025360e+03	0.00000000000000e+00	1
9	10	19	20	1.00000000000000e-02	0.00000000000000e+00	0.00000000000000e+00	0.00000000000000e+00	-1.04030049146285e+04	0.00000000000000e+00	5.59391360095250e+03	0.00000000000000e+00	1
10	11	20	21	1.00000000000000e-02	0.00000000000000e+00	0.00000000000000e+00	0.00000000000000e+00	-1.04030049146285e+04	0.00000000000000e+00	5.10582949265398e+03	0.00000000000000e+00	1
11	12	21	22	1.00000000000000e-02	0.00000000000000e+00	0.00000000000000e+00	0.00000000000000e+00	-1.04030049146285e+04	0.00000000000000e+00	4.74687975439568e+03	0.00000000000000e+00	1
12	13	22	23	1.00000000000000e-02	0.00000000000000e+00	0.00000000000000e+00	0.00000000000000e+00	-1.04030049146285e+04	0.00000000000000e+00	4.10037679242177e+03	0.00000000000000e+00	1
13	14	23	24	1.00000000000000e-02	0.00000000000000e+00	0.00000000000000e+00	0.00000000000000e+00	-1.04030049146285e+04	0.00000000000000e+00	3.46111330415719e+03	0.00000000000000e+00	1
14	15	24	25	1.00000000000000e-02	0.00000000000000e+00	0.00000000000000e+00	0.00000000000000e+00	-1.04030049146285e+04	0.00000000000000e+00	3.09233676614025e+03	0.00000000000000e+00	1
15	16	25	26	1.00000000000000e-02	0.00000000000000e+00	0.00000000000000e+00	0.00000000000000e+00	-1.04030049146285e+04	0.00000000000000e+00	3.33593343832064e+03	0.00000000000000e+00	1
16	17	26	27	1.00000000000000e-02	0.00000000000000e+00	0.00000000000000e+00	0.00000000000000e+00	-1.04030049146285e+04	0.00000000000000e+00	3.55648657483137e+03	0.00000000000000e+00	1
17	18	27	28	1.00000000000000e-02	0.00000000000000e+00	0.00000000000000e+00	0.00000000000000e+00	-1.04030049146285e+04	0.00000000000000e+00	3.66310196906590e+03	0.00000000000000e+00	1
18	19	28	29	1.00000000000000e-02	0.00000000000000e+00	0.00000000000000e+00	0.00000000000000e+00	-1.04030049146284e+04	0.00000000000000e+00	3.81725759151505e+03	0.00000000000000e+00	1
19	20	29	30	1.00000000000000e-02	0.00000000000000e+00	0.00000000000000e+00	0.00000000000000e+00	-1.04030049146284e+04	0.00000000000000e+00	3.83788083410541e+03	0.00000000000000e+00	1
1	2	12	13	1.00000000000000e-02	0.00000000000000e+00	0.00000000000000e+00	0.00000000000000e+00	-1.38706732195048e+04	0.00000000000000e+00	3.80278666665403e+04	0.00000000000000e+00	1
2	3	13	14	1.00000000000000e-02	0.00000000000000e+00	0.00000000000000e+00	0.00000000000000e+00	-1.38706732195048e+04	0.00000000000000e+00	3.37501066654567e+04	0.00000000000000e+00	1
3	4	14	15	1.00000000000000e-02	0.00000000000000e+00	0.00000000000000e+00	0.00000000000000e+00	-1.38706732195048e+04	0.00000000000000e+00	2.17123813039967e+04	0.00000000000000e+00	1
4	5	15	16	1.00000000000000e-02	0.00000000000000e+00	0.00000000000000e+00	0.00000000000000e+00	-1.38706732195048e+04	0.00000000000000e+00	1.38025968297102e+04	0.00000000000000e+00	1
5	6	16	17	1.00000000000000e-02	0.00000000000000e+00	0.00000000000000e+00	0.00000000000000e+00	-1.38706732195052e+04	0.00000000000000e+00	9.99010935085278e+03	0.00000000000000e+00	1
6	7	17	18	1.00000000000000e-02	0.00000000000000e+00	0.00000000000000e+00	0.00000000000000e+00	-1.38706732195052e+04	0.00000000000000e+00	7.99493284619017e+03	0.00000000000000e+00	1
7	8	18	19	1.00000000000000e-02	0.00000000000000e+00	0.00000000000000e+00	0.00000000000000e+00	-1.38706732195048e+04	0.00000000000000e+00	6.63594079188277e+03	0.00000000000000e+00	1
8	9	19	20	1.00000000000000e-02	0.00000000000000e+00	0.00000000000000e+00	0.00000000000000e+00	-1.38706732195047e+04	0.00000000000000e+00	5.94649806164255e+03	0.00000000000000e+00	1
9	10	20	21	1.00000000000000e-02	0.00000000000000e+00	0.00000000000000e+00	0.00000000000000e+00	-1.38706732195048e+04	0.00000000000000e+00	5.53444709811641e+03	0.00000000000000e+00	1
10	11	21	22	1.00000000000000e-02	0.00000000000000e+00	0.00000000000000e+00	0.00000000000000e+00	-1.38706732195047e+04	0.00000000000000e+00	5.22363019728492e+03	0.00000000000000e+00	1
11	12	22	23	1.00000000000000e-02	0.00000000000000e+00	0.00000000000000e+00	0.00000000000000e+00	-1.38706732195050e+04	0.00000000000000e+00	4.81043625519406e+03	0.00000000000000e+00	1
12	13	23	24	1.00000000000000e-02	0.00000000000000e+00	0.00000000000000e+00	0.00000000000000e+00	-1.38706732195047e+04	0.00000000000000e+00	4.20595606593674e+03	0.00000000000000e+00	1
13	14	24	25	1.00000000000000e-02	0.00000000000000e+00	0.00000000000000e+00	0.00000000000000e+00	-1.38706732195050e+04	0.00000000000000e+00	3.50108611176795e+03	0.00000000000000e+00	1
14	15	25	26	1.00000000000000e-02	0.00000000000000e+00	0.00000000000000e+00	0.00000000000000e+00	-1.38706732195047e+04	0.00000000000000e+00	3.12503967064894e+03	0.00000000000000e+00	1
15	16	26	27	1.00000000000000e-02	0.00000000000000e+00	0.00000000000000e+00	0.00000000000000e+00	-1.38706732195050e+04	0.00000000000000e+00	3.32496247676457e+03	0.00000000000000e+00	1
16	17	27	28	1.00000000000000e-02	0.00000000000000e+00	0.00000000000000e+00	0.00000000000000e+00	-1.38706732195047e+04	0.00000000000000e+00	3.54685943528891e+03	0.00000000000000e+00	1
17	18	28	29	1.00000000000000e-02	0.00000000000000e+00	0.00000000000000e+00	0.00000000000000e+00	-1.38706732195050e+04	0.00000000000000e+00	3.75516934913030e+03	0.00000000000000e+00	1
18	19	29	30	1.00000000000000e-02	0.00000000000000e+00	0.00000000000000e+00	0.00000000000000e+00	-1.38706732195048e+04	0.00000000000000e+00	3.97908060076751e+03	0.00000000000000e+00	1
1	2	13	14	1.00000000000000e-02	0.00000000000000e+00	0.00000000000000e+00	0.00000000000000e+00	-1.80318751853556e+04	0.00000000000000e+00	3.29251548985420e+04	0.00000000000000e+00	1
2	3	14	15	1.00000000000000e-02	0.00000000000000e+00	0.00000000000000e+00	0.00000000000000e+00	-1.80318751853556e+04	0.00000000000000e+00	2.27313475359226e+04	0.00000000000000e+00	1
3	4	15	16	1.00000000000000e-02	0.00000000000000e+00	0.00000000000000e+00	0.00000000000000e+00	-1.80318751853556e+04	0.00000000000000e+00	1.43400962970974e+04	0.00000000000000e+00	1
4	5	16	17	1.00000000000000e-02	0.00000000000000e+00	0.00000000000000e+00	0.00000000000000e+00	-1.80318751853556e+04	0.00000000000000e+00	1.02144430906801e+04	0.00000000000000e+00	1
5	6	17	18	1.00000000000000e-02	0.00000000000000e+00	0.00000000000000e+00	0.00000000000000e+00	-1.80318751853556e+04	0.00000000000000e+00	8.48623351295388e+03	0.00000000000000e+00	1
6	7	18	19	1.00000000000000e-02	0.00000000000000e+00	0.00000000000000e+00	0.00000000000000e+00	-1.80318751853562e+04	0.00000000000000e+00	7.25462735777515e+03	0.00000000000000e+00	1
7	8	19	20	1.00000000000000e-02	0.00000000000000e+00	0.00000000000000e+00	0.00000000000000e+00	-1.80318751853562e+04	0.00000000000000e+00	6.41240156331624e+03	0.00000000000000e+00	1
8	9	20	21	1.00000000000000e-02	0.00000000000000e+00	0.00000000000000e+00	0.00000000000000e+00	-1.80318751853562e+04	0.00000000000000e+00	5.87049107679939e+03	0.00000000000000e+00	1
9	10	21	22	1.00000000000000e-02	0.00000000000000e+00	0.00000000000000e+00	0.00000000000000e+00	-1.80318751853562e+04	0.00000000000000e+00	5.55115532813694e+03	0.00000000000000e+00	1
10	11	22	23	1.00000000000000e-02	0.00000000000000e+00	0.00000000000000e+00	0.00000000000000e+00	-1.80318751853562e+04	0.00000000000000e+00	5.22897994879480e+03	0.00000000000000e+00	1
11	12	23	24	1.00000000000000e-02	0.00000000000000e+00	0.00000000000000e+00	0.00000000000000e+00	-1.80318751853562e+04	0.00000000000000e+00	4.89669303902432e+03	0.00000000000000e+00	1
12	13	24	25	1.00000000000000e-02	0.00000000000000e+00	0.00000000000000e+00	0.00000000000000e+00	-1.80318751853562e+04	0.00000000000000e+00	4.35565861360043e+03	0.00000000000000e+00	1
13	14	25	26	1.00000000000000e-02	0.00000000000000e+00	0.00000000000000e+00	0.00000000000000e+00	-1.80318751853562e+04	0.00000000000000e+00	3.57265043643163e+03	0.00000000000000e+00	1
14	15	26	27	1.00000000000000e-02	0.00000000000000e+00	0.00000000000000e+00	0.00000000000000e+00	-1.80318751853562e+04	0.00000000000000e+00	3.18181878038992e+03	0.00000000000000e+00	1
15	16	27	28	1.00000000000000e-02	0.00000000000000e+00	0.00000000000000e+00	0.00000000000000e+00	-1.80318751853562e+04	0.00000000000000e+00	3.36750545709617e+03	0.00000000000000e+00	1
16	17	28	29	1.00000000000000e-02	0.00000000000000e+00	0.00000000000000e+00	0.00000000000000e+00	-1.80318751853562e+04	0.00000000000000e+00	3.57107039437486e+03	0.00000000000000e+00	1
17	18	29	30	1.00000000000000e-02	0.00000000000000e+00	0.00000000000000e+00	0.00000000000000e+00	-1.80318751853562e+04	0.00000000000000e+00	3.84465867730689e+03	0.00000000000000e+00	1
1	2	14	15	1.00000000000000e-02	0.00000000000000e+00	0.00000000000000e+00	0.00000000000000e+00	-2.29496593268173e+04	0.00000000000000e+00	2.20137587895807e+04	0.00000000000000e+00	1
2	3	15	16	1.00000000000000e-02	0.00000000000000e+00	0.00000000000000e+00	0.00000000000000e+00	-2.29496593268173e+04	0.00000000000000e+00	1.44563707897171e+04	0.00000000000000e+00	1
3	4	16	17	1.00000000000000e-02	0.00000000000000e+00	0.00000000000000e+00	0.00000000000000e+00	-2.29496593268173e+04	0.00000000000000e+00	1.03682516384621e+04	0.00000000000000e+00	1
4	5	17	18	1.00000000000000e-02	0.00000000000000e+00	0.00000000000000e+00	0.00000000000000e+00	-2.29496593268173e+04	0.00000000000000e+00	8.55964402430079e+03	0.00000000000000e+00	1
5	6	18	19	1.00000000000000e-02	0.00000000000000e+00	0.00000000000000e+00	0.00000000000000e+00	-2.29496593268170e+04	0.00000000000000e+00	7.44231417943099e+03	0.00000000000000e+00	1
6	7	19	20	1.00000000000000e-02	0.00000000000000e+00	0.00000000000000e+00	0.00000000000000e+00	-2.29496593268166e+04	0.00000000000000e+00	6.69866704811378e+03	0.00000000000000e+00	1
7	8	20	21	1.00000000000000e-02	0.00000000000000e+00	0.00000000000000e+00	0.00000000000000e+00	-2.29496593268170e+04	0.00000000000000e+00	6.11555209667902e+03	0.00000000000000e+00	1
8	9	21	22	1.00000000000000e-02	0.00000000000000e+00	0.00000000000000e+00	0.00000000000000e+00	-2.29496593268166e+04	0.00000000000000e+00	5.75793566600619e+03	0.00000000000000e+00	1
9	10	22	23	1.00000000000000e-02	0.00000000000000e+00	0.00000000000000e+00	0.00000000000000e+00	-2.29496593268170e+04	0.00000000000000e+00	5.48376378201785e+03	0.00000000000000e+00	1
10	11	23	24	1.00000000000000e-02	0.00000000000000e+00	0.00000000000000e+00	0.00000000000000e+00	-2.29496593268170e+04	0.00000000000000e+00	5.31970860504965e+03	0.00000000000000e+00	1
11	12	24	25	1.00000000000000e-02	0.00000000000000e+00	0.00000000000000e+00	0.00000000000000e+00	-2.29496593268168e+04	0.00000000000000e+00	4.91271982076794e+03	0.00000000000000e+00	1
12	13	25	26	1.00000000000000e-02	0.00000000000000e+00	0.00000000000000e+00	0.00000000000000e+00	-2.29496593268170e+04	0.00000000000000e+00	4.40598343994363e+03	0.00000000000000e+00	1
13	14	26	27	1.00000000000000e-02	0.00000000000000e+00	0.00000000000000e+00	0.00000000000000e+00	-2.29496593268168e+04	0.00000000000000e+00	3.74840254228736e+03	0.00000000000000e+00	1
14	15	27	28	1.00000000000000e-02	0.00000000000000e+00	0.00000000000000e+00	0.00000000000000e+00	-2.29496593268170e+04	0.00000000000000e+00	3.36848754830248e+03	0.00000000000000e+00	1
15	16	28	29	1.00000000000000e-02	0.00000000000000e+00	0.00000000000000e+00	0.00000000000000e+00	-2.29496593268168e+04	0.00000000000000e+00	3.44264119433284e+03	0.00000000000000e+00	1
16	17	29	30	1.00000000000000e-02	0.00000000000000e+00	0.00000000000000e+00	0.00000000000000e+00	-2.29496593268170e+04	0.00000000000000e+00	3.78751882907806e+03	0.00000000000000e+00	1
1	2	15	16	1.00000000000000e-02	0.00000000000000e+00	0.00000000000000e+00	0.00000000000000e+00	-2.86870741585209e+04	0.00000000000000e+00	1.38679365290095e+04	0.00000000000000e+00	1
2	3	16	17	1.00000000000000e-02	0.00000000000000e+00	0.00000000000000e+00	0.00000000000000e+00	-2.86870741585209e+04	0.00000000000000e+00	1.05907534111191e+04	0.00000000000000e+00	1
3	4	17	18	1.00000000000000e-02	0.00000000000000e+00	0.00000000000000e+00	0.00000000000000e+00	-2.86870741585209e+04	0.00000000000000e+00	8.80175513335643e+03	0.00000000000000e+00	1
4	5	18	19	1.00000000000000e-02	0.00000000000000e+00	0.00000000000000e+00	0.00000000000000e+00	-2.86870741585209e+04	0.00000000000000e+00	7.71209224897700e+03	0.00000000000000e+00	1
5	6	19	20	1.00000000000000e-02	0.00000000000000e+00	0.00000000000000e+00	0.00000000000000e+00	-2.86870741585209e+04	0.00000000000000e+00	7.05790509513147e+03	0.00000000000000e+00	1
6	7	20	21	1.00000000000000e-02	0.00000000000000e+00	0.00000000000000e+00	0.00000000000000e+00	-2.86870741585209e+04	0.00000000000000e+00	6.40361381997943e+03	0.00000000000000e+00	1
7	8	21	22	1.00000000000000e-02	0.00000000000000e+00	0.00000000000000e+00	0.00000000000000e+00	-2.86870741585209e+04	0.00000000000000e+00	6.06525360130603e+03	0.00000000000000e+00	1
8	9	22	23	1.00000000000000e-02	0.00000000000000e+00	0.00000000000000e+00	0.00000000000000e+00	-2.86870741585209e+04	0.00000000000000e+00	5.80295203170959e+03	0.00000000000000e+00	1
9	10	23	24	1.00000000000000e-02	0.00000000000000e+00	0.00000000000000e+00	0.00000000000000e+00	-2.86870741585209e+04	0.00000000000000e+00	5.59903815515997e+03	0.00000000000000e+00	1
10	11	24	25	1.00000000000000e-02	0.00000000000000e+00	0.00000000000000e+00	0.00000000000000e+00	-2.86870741585212e+04	0.00000000000000e+00	5.31954570437868e+03	0.00000000000000e+00	1
11	12	25	26	1.00000000000000e-02	0.00000000000000e+00	0.00000000000000e+00	0.00000000000000e+00	-2.86870741585209e+04	0.00000000000000e+00	5.15357138437194e+03	0.00000000000000e+00	1
12	13	26	27	1.00000000000000e-02	0.00000000000000e+00	0.00000000000000e+00	0.00000000000000e+00	-2.86870741585212e+04	0.00000000000000e+00	4.53522861241613e+03	0.00000000000000e+00	1
13	14	27	28	1.00000000000000e-02	0.00000000000000e+00	0.00000000000000e+00	0.00000000000000e+00	-2.86870741585209e+04	0.00000000000000e+00	3.80667473225821e+03	0.00000000000000e+00	1
14	15	28	29	1.00000000000000e-02	0.00000000000000e+00	0.00000000000000e+00	0.00000000000000e+00	-2.86870741585212e+04	0.00000000000000e+00	3.33568444661217e+03	0.00000000000000e+00	1
15	16	29	30	1.00000000000000e-02	0.00000000000000e+00	0.00000000000000e+00	0.00000000000000e+00	-2.86870741585209e+04	0.00000000000000e+00	3.47868723857430e+03	0.00000000000000e+00	1
1	2	16	17	1.00000000000000e-02	0.00000000000000e+00	0.00000000000000e+00	0.00000000000000e+00	-3.53071681951036e+04	0.00000000000000e+00	1.03014564072565e+04	0.00000000000000e+00	1
2	3	17	18	1.00000000000000e-02	0.00000000000000e+00	0.00000000000000e+00	0.00000000000000e+00	-3.53071681951036e+04	0.00000000000000e+00	8.90424839386761e+03	0.00000000000000e+00	1
3	4	18	19	1.00000000000000e-02	0.00000000000000e+00	0.00000000000000e+00	0.00000000000000e+00	-3.53071681951031e+04	0.00000000000000e+00	7.86467313444373e+03	0.00000000000000e+00	1
4	5	19	20	1.00000000000000e-02	0.00000000000000e+00	0.00000000000000e+00	0.00000000000000e+00	-3.53071681951036e+04	0.00000000000000e+00	7.08554281990350e+03	0.00000000000000e+00	1
5	6	20	21	1.00000000000000e-02	0.00000000000000e+00	0.00000000000000e+00	0.00000000000000e+00	-3.53071681951031e+04	0.00000000000000e+00	6.76906438916905e+03	0.00000000000000e+00	1
6	7	21	22	1.00000000000000e-02	0.00000000000000e+00	0.00000000000000e+00	0.00000000000000e+00	-3.53071681951031e+04	0.00000000000000e+00	6.53231933035502e+03	0.00000000000000e+00	1
7	8	22	23	1.00000000000000e-02	0.00000000000000e+00	0.00000000000000e+00	0.00000000000000e+00	-3.53071681951031e+04	0.00000000000000e+00	6.08527985943400e+03	0.00000000000000e+00	1
8	9	23	24	1.00000000000000e-02	0.00000000000000e+00	0.00000000000000e+00	0.00000000000000e+00	-3.53071681951031e+04	0.00000000000000e+00	5.74137000385505e+03	0.00000000000000e+00	1
9	10	24	25	1.00000000000000e-02	0.00000000000000e+00	0.00000000000000e+00	0.00000000000000e+00	-3.53071681951031e+04	0.00000000000000e+00	5.57516323095715e+03	0.00000000000000e+00	1
10	11	25	26	1.00000000000000e-02	0.00000000000000e+00	0.00000000000000e+00	0.00000000000000e+00	-3.53071681951031e+04	0.00000000000000e+00	5.30060430938880e+03	0.00000000000000e+00	1
11	12	26	27	1.00000000000000e-02	0.00000000000000e+00	0.00000000000000e+00	0.00000000000000e+00	-3.53071681951036e+04	0.00000000000000e+00	5.14583156950156e+03	0.00000000000000e+00	1
12	13	27	28	1.00000000000000e-02	0.00000000000000e+00	0.00000000000000e+00	0.00000000000000e+00	-3.53071681951031e+04	0.00000000000000e+00	4.70163296283749e+03	0.00000000000000e+00	1
13	14	28	29	1.00000000000000e-02	0.00000000000000e+00	0.00000000000000e+00	0.00000000000000e+00	-3.53071681951036e+04	0.00000000000000e+00	3.91135970290236e+03	0.00000000000000e+00	1
14	15	29	30	1.00000000000000e-02	0.00000000000000e+00	0.00000000000000e+00	0.00000000000000e+00	-3.53071681951031e+04	0.00000000000000e+00	3.43295680156593e+03	0.00000000000000e+00	1
1	2	17	18	1.00000000000000e-02	0.00000000000000e+00	0.00000000000000e+00	0.00000000000000e+00	-4.28729899511954e+04	0.00000000000000e+00	8.50704991972016e+03	0.00000000000000e+00	1
2	3	18	19	1.00000000000000e-02	0.00000000000000e+00	0.00000000000000e+00	0.00000000000000e+00	-4.28729899511954e+04	0.00000000000000e+00	7.82017920005844e+03	0.00000000000000e+00	1
3	4	19	20	1.00000000000000e-02	0.00000000000000e+00	0.00000000000000e+00	0.00000000000000e+00	-4.28729899511962e+04	0.00000000000000e+00	7.43769777327200e+03	0.00000000000000e+00	1
4	5	20	21	1.00000000000000e-02	0.00000000000000e+00	0.00000000000000e+00	0.00000000000000e+00	-4.28729899511954e+04	0.00000000000000e+00	6.80014211576881e+03	0.00000000000000e+00	1
5	6	21	22	1.00000000000000e-02	0.00000000000000e+00	0.00000000000000e+00	0.00000000000000e+00	-4.28729899511970e+04	0.00000000000000e+00	6.56429596703587e+03	0.00000000000000e+00	1
6	7	22	23	1.00000000000000e-02	0.00000000000000e+00	0.00000000000000e+00	0.00000000000000e+00	-4.28729899511970e+04	0.00000000000000e+00	6.42923666614331e+03	0.00000000000000e+00	1
7	8	23	24	1.00000000000000e-02	0.00000000000000e+00	0.00000000000000e+00	0.00000000000000e+00	-4.28729899511970e+04	0.00000000000000e+00	5.95620713635400e+03	0.00000000000000e+00	1
8	9	24	25	1.00000000000000e-02	0.00000000000000e+00	0.00000000000000e+00	0.00000000000000e+00	-4.28729899511970e+04	0.00000000000000e+00	5.68594407867217e+03	0.00000000000000e+00	1
9	10	25	26	1.00000000000000e-02	0.00000000000000e+00	0.00000000000000e+00	0.00000000000000e+00	-4.28729899511970e+04	0.00000000000000e+00	5.72094386586154e+03	0.00000000000000e+00	1
10	11	26	27	1.00000000000000e-02	0.00000000000000e+00	0.00000000000000e+00	0.00000000000000e+00	-4.28729899511962e+04	0.00000000000000e+00	5.55442365904501e+03	0.00000000000000e+00	1
11	12	27	28	1.00000000000000e-02	0.00000000000000e+00	0.00000000000000e+00	0.00000000000000e+00	-4.28729899511954e+04	0.00000000000000e+00	5.30821013714678e+03	0.00000000000000e+00	1
12	13	28	29	1.00000000000000e-02	0.00000000000000e+00	0.00000000000000e+00	0.00000000000000e+00	-4.28729899511962e+04	0.00000000000000e+00	4.83194516072956e+03	0.00000000000000e+00	1
13	14	29	30	1.00000000000000e-02	0.00000000000000e+00	0.00000000000000e+00	0.00000000000000e+00	-4.28729899511954e+04	0.00000000000000e+00	4.06208699627087e+03	0.00000000000000e+00	1
1	2	18	19	1.00000000000000e-02	0.00000000000000e+00	0.00000000000000e+00	0.00000000000000e+00	-5.14475879414368e+04	0.00000000000000e+00	7.65069604802784e+03	0.00000000000000e+00	1
2	3	19	20	1.00000000000000e-02	0.00000000000000e+00	0.00000000000000e+00	0.00000000000000e+00	-5.14475879414356e+04	0.00000000000000e+00	7.20916982629298e+03	0.00000000000000e+00	1
3	4	20	21	1.00000000000000e-02	0.00000000000000e+00	0.00000000000000e+00	0.00000000000000e+00	-5.14475879414368e+04	0.00000000000000e+00	7.00606984105048e+03	0.00000000000000e+00	1
4	5	21	22	1.00000000000000e-02	0.00000000000000e+00	0.00000000000000e+00	0.00000000000000e+00	-5.14475879414356e+04	0.00000000000000e+00	6.75632839874271e+03	0.00000000000000e+00	1
5	6	22	23	1.00000000000000e-02	0.00000000000000e+00	0.00000000000000e+00	0.00000000000000e+00	-5.14475879414345e+04	0.00000000000000e+00	6.51369482779146e+03	0.00000000000000e+00	1
6	7	23	24	1.00000000000000e-02	0.00000000000000e+00	0.00000000000000e+00	0.00000000000000e+00	-5.14475879414333e+04	0.00000000000000e+00	6.37436048608757e+03	0.00000000000000e+00	1
7	8	24	25	1.00000000000000e-02	0.00000000000000e+00	0.00000000000000e+00	0.00000000000000e+00	-5.14475879414345e+04	0.00000000000000e+00	5.85278146984363e+03	0.00000000000000e+00	1
8	9	25	26	1.00000000000000e-02	0.00000000000000e+00	0.00000000000000e+00	0.00000000000000e+00	-5.14475879414333e+04	0.00000000000000e+00	5.89066696221143e+03	0.00000000000000e+00	1
9	10	26	27	1.00000000000000e-02	0.00000000000000e+00	0.00000000000000e+00	0.00000000000000e+00	-5.14475879414345e+04	0.00000000000000e+00	5.78568321951354e+03	0.00000000000000e+00	1
10	11	27	28	1.00000000000000e-02	0.00000000000000e+00	0.00000000000000e+00	0.00000000000000e+00	-5.14475879414356e+04	0.00000000000000e+00	5.52173146146016e+03	0.00000000000000e+00	1
11	12	28	29	1.00000000000000e-02	0.00000000000000e+00	0.00000000000000e+00	0.00000000000000e+00	-5.14475879414356e+04	0.00000000000000e+00	5.43221445550188e+03	0.00000000000000e+00	1
12	13	29	30	1.00000000000000e-02	0.00000000000000e+00	0.00000000000000e+00	0.00000000000000e+00	-5.14475879414356e+04	0.00000000000000e+00	5.00439956329462e+03	0.00000000000000e+00	1
1	2	19	20	1.00000000000000e-02	0.00000000000000e+00	0.00000000000000e+00	0.00000000000000e+00	-6.10940106804530e+04	0.00000000000000e+00	7.04243422504070e+03	0.00000000000000e+00	1
2	3	20	21	1.00000000000000e-02	0.00000000000000e+00	0.00000000000000e+00	0.00000000000000e+00	-6.10940106804546e+04	0.00000000000000e+00	6.99016778612862e+03	0.00000000000000e+00	1
3	4	21	22	1.00000000000000e-02	0.00000000000000e+00	0.00000000000000e+00	0.00000000000000e+00	-6.10940106804530e+04	0.00000000000000e+00	6.83964262301024e+03	0.00000000000000e+00	1
4	5	22	23	1.00000000000000e-02	0.00000000000000e+00	0.00000000000000e+00	0.00000000000000e+00	-6.10940106804546e+04	0.00000000000000e+00	6.71850742599074e+03	0.00000000000000e+00	1
5	6	23	24	1.00000000000000e-02	0.00000000000000e+00	0.00000000000000e+00	0.00000000000000e+00	-6.10940106804562e+04	0.00000000000000e+00	6.52913344917550e+03	0.00000000000000e+00	1
6	7	24	25	1.00000000000000e-02	0.00000000000000e+00	0.00000000000000e+00	0.00000000000000e+00	-6.10940106804562e+04	0.00000000000000e+00	6.22590840635772e+03	0.00000000000000e+00	1
7	8	25	26	1.00000000000000e-02	0.00000000000000e+00	0.00000000000000e+00	0.00000000000000e+00	-6.10940106804562e+04	0.00000000000000e+00	6.03769791208248e+03	0.00000000000000e+00	1
8	9	26	27	1.00000000000000e-02	0.00000000000000e+00	0.00000000000000e+00	0.00000000000000e+00	-6.10940106804562e+04	0.00000000000000e+00	5.97786172117741e+03	0.00000000000000e+00	1
9	10	27	28	1.00000000000000e-02	0.00000000000000e+00	0.00000000000000e+00	0.00000000000000e+00	-6.10940106804562e+04	0.00000000000000e+00	5.81573675788192e+03	0.00000000000000e+00	1
10	11	28	29	1.00000000000000e-02	0.00000000000000e+00	0.00000000000000e+00	0.00000000000000e+00	-6.10940106804546e+04	0.00000000000000e+00	5.75343223595348e+03	0.00000000000000e+00	1
11	12	29	30	1.00000000000000e-02	0.00000000000000e+00	0.00000000000000e+00	0.00000000000000e+00	-6.10940106804546e+04	0.00000000000000e+00	5.61508857177024e+03	0.00000000000000e+00	1
1	2	20	21	1.00000000000000e-02	0.00000000000000e+00	0.00000000000000e+00	0.00000000000000e+00	-7.18753066828898e+04	0.00000000000000e+00	6.65659000332512e+03	0.00000000000000e+00	1
2	3	21	22	1.00000000000000e-02	0.00000000000000e+00	0.00000000000000e+00	0.00000000000000e+00	-7.18753066828921e+04	0.00000000000000e+00	6.76240587258980e+03	0.00000000000000e+00	1
3	4	22	23	1.00000000000000e-02	0.00000000000000e+00	0.00000000000000e+00	0.00000000000000e+00	-7.18753066828898e+04	0.00000000000000e+00	6.74471755391179e+03	0.00000000000000e+00	1
4	5	23	24	1.00000000000000e-02	0.00000000000000e+00	0.00000000000000e+00	0.00000000000000e+00	-7.18753066828921e+04	0.00000000000000e+00	6.53810625213852e+03	0.00000000000000e+00	1
5	6	24	25	1.00000000000000e-02	0.00000000000000e+00	0.00000000000000e+00	0.00000000000000e+00	-7.18753066828876e+04	0.00000000000000e+00	6.36191637483053e+03	0.00000000000000e+00	1
6	7	25	26	1.00000000000000e-02	0.00000000000000e+00	0.00000000000000e+00	0.00000000000000e+00	-7.18753066828898e+04	0.00000000000000e+00	6.30908506755774e+03	0.00000000000000e+00	1
7	8	26	27	1.00000000000000e-02	0.00000000000000e+00	0.00000000000000e+00	0.00000000000000e+00	-7.18753066828876e+04	0.00000000000000e+00	6.08538723195401e+03	0.00000000000000e+00	1
8	9	27	28	1.00000000000000e-02	0.00000000000000e+00	0.00000000000000e+00	0.00000000000000e+00	-7.18753066828898e+04	0.00000000000000e+00	6.06151233674057e+03	0.00000000000000e+00	1
9	10	28	29	1.00000000000000e-02	0.00000000000000e+00	0.00000000000000e+00	0.00000000000000e+00	-7.18753066828876e+04	0.00000000000000e+00	5.98190054980231e+03	0.00000000000000e+00	1
10	11	29	30	1.00000000000000e-02	0.00000000000000e+00	0.00000000000000e+00	0.00000000000000e+00	-7.18753066828921e+04	0.00000000000000e+00	5.93456490642787e+03	0.00000000000000e+00	1
1	2	21	22	1.00000000000000e-02	0.00000000000000e+00	0.00000000000000e+00	0.00000000000000e+00	-8.38545244633653e+04	0.00000000000000e+00	6.46732404217253e+03	0.00000000000000e+00	1
2	3	22	23	1.00000000000000e-02	0.00000000000000e+00	0.00000000000000e+00	0.00000000000000e+00	-8.38545244633684e+04	0.00000000000000e+00	6.62724826360910e+03	0.00000000000000e+00	1
3	4	23	24	1.00000000000000e-02	0.00000000000000e+00	0.00000000000000e+00	0.00000000000000e+00	-8.38545244633653e+04	0.00000000000000e+00	6.72839828451819e+03	0.00000000000000e+00	1
4	5	24	25	1.00000000000000e-02	0.00000000000000e+00	0.00000000000000e+00	0.00000000000000e+00	-8.38545244633684e+04	0.00000000000000e+00	6.46758615389523e+03	0.00000000000000e+00	1
5	6	25	26	1.00000000000000e-02	0.00000000000000e+00	0.00000000000000e+00	0.00000000000000e+00	-8.38545244633684e+04	0.00000000000000e+00	6.38402106905719e+03	0.00000000000000e+00	1
6	7	26	27	1.00000000000000e-02	0.00000000000000e+00	0.00000000000000e+00	0.00000000000000e+00	-8.38545244633684e+04	0.00000000000000e+00	6.29536894112688e+03	0.00000000000000e+00	1
7	8	27	28	1.00000000000000e-02	0.00000000000000e+00	0.00000000000000e+00	0.00000000000000e+00	-8.38545244633684e+04	0.00000000000000e+00	6.24498158807696e+03	0.00000000000000e+00	1
8	9	28	29	1.00000000000000e-02	0.00000000000000e+00	0.00000000000000e+00	0.00000000000000e+00	-8.38545244633684e+04	0.00000000000000e+00	6.07660207915789e+03	0.00000000000000e+00	1
9	10	29	30	1.00000000000000e-02	0.00000000000000e+00	0.00000000000000e+00	0.00000000000000e+00	-8.38545244633684e+04	0.00000000000000e+00	6.11027357320048e+03	0.00000000000000e+00	1
1	2	22	23	1.00000000000000e-02	0.00000000000000e+00	0.00000000000000e+00	0.00000000000000e+00	-9.70947125365350e+04	0.00000000000000e+00	6.25345286480392e+03	0.00000000000000e+00	1
2	3	23	24	1.00000000000000e-02	0.00000000000000e+00	0.00000000000000e+00	0.00000000000000e+00	-9.70947125365268e+04	0.00000000000000e+00	6.35207053172291e+03	0.00000000000000e+00	1
3	4	24	25	1.00000000000000e-02	0.00000000000000e+00	0.00000000000000e+00	0.00000000000000e+00	-9.70947125365350e+04	0.00000000000000e+00	6.54473873828628e+03	0.00000000000000e+00	1
4	5	25	26	1.00000000000000e-02	0.00000000000000e+00	0.00000000000000e+00	0.00000000000000e+00	-9.70947125365268e+04	0.00000000000000e+00	6.52044406121089e+03	0.00000000000000e+00	1
5	6	26	27	1.00000000000000e-02	0.00000000000000e+00	0.00000000000000e+00	0.00000000000000e+00	-9.70947125365350e+04	0.00000000000000e+00	6.54842179766311e+03	0.00000000000000e+00	1
6	7	27	28	1.00000000000000e-02	0.00000000000000e+00	0.00000000000000e+00	0.00000000000000e+00	-9.70947125365309e+04	0.00000000000000e+00	6.28060444768798e+03	0.00000000000000e+00	1
7	8	28	29	1.00000000000000e-02	0.00000000000000e+00	0.00000000000000e+00	0.00000000000000e+00	-9.70947125365350e+04	0.00000000000000e+00	6.26829991448519e+03	0.00000000000000e+00	1
8	9	29	30	1.00000000000000e-02	0.00000000000000e+00	0.00000000000000e+00	0.00000000000000e+00	-9.70947125365309e+04	0.00000000000000e+00	6.23862504267542e+03	0.00000000000000e+00	1
1	2	23	24	1.00000000000000e-02	0.00000000000000e+00	0.00000000000000e+00	0.00000000000000e+00	-1.11658919417020e+05	0.00000000000000e+00	6.21229276876835e+03	0.00000000000000e+00	1
2	3	24	25	1.00000000000000e-02	0.00000000000000e+00	0.00000000000000e+00	0.00000000000000e+00	-1.11658919417015e+05	0.00000000000000e+00	6.29792483514370e+03	0.00000000000000e+00	1
3	4	25	26	1.00000000000000e-02	0.00000000000000e+00	0.00000000000000e+00	0.00000000000000e+00	-1.11658919417020e+05	0.00000000000000e+00	6.40768990931063e+03	0.00000000000000e+00	1
4	5	26	27	1.00000000000000e-02	0.00000000000000e+00	0.00000000000000e+00	0.00000000000000e+00	-1.11658919417015e+05	0.00000000000000e+00	6.44146473488229e+03	0.00000000000000e+00	1
5	6	27	28	1.00000000000000e-02	0.00000000000000e+00	0.00000000000000e+00	0.00000000000000e+00	-1.11658919417015e+05	0.00000000000000e+00	6.57704959997223e+03	0.00000000000000e+00	1
6	7	28	29	1.00000000000000e-02	0.00000000000000e+00	0.00000000000000e+00	0.00000000000000e+00	-1.11658919417015e+05	0.00000000000000e+00	6.56986797148942e+03	0.00000000000000e+00	1
7	8	29	30	1.00000000000000e-02	0.00000000000000e+00	0.00000000000000e+00	0.00000000000000e+00	-1.11658919417015e+05	0.00000000000000e+00	6.31813922061382e+03	0.00000000000000e+00	1
1	2	24	25	1.00000000000000e-02	0.00000000000000e+00	0.00000000000000e+00	0.00000000000000e+00	-1.27610193619447e+05	0.00000000000000e+00	6.07233009017888e+03	0.00000000000000e+00	1
2	3	25	26	1.00000000000000e-02	0.00000000000000e+00	0.00000000000000e+00	0.00000000000000e+00	-1.27610193619447e+05	0.00000000000000e+00	6.47501770520900e+03	0.00000000000000e+00	1
3	4	26	27	1.00000000000000e-02	0.00000000000000e+00	0.00000000000000e+00	0.00000000000000e+00	-1.27610193619447e+05	0.00000000000000e+00	6.54494813850546e+03	0.00000000000000e+00	1
4	5	27	28	1.00000000000000e-02	0.00000000000000e+00	0.00000000000000e+00	0.00000000000000e+00	-1.27610193619447e+05	0.00000000000000e+00	6.41489101966156e+03	0.00000000000000e+00	1
5	6	28	29	1.00000000000000e-02	0.00000000000000e+00	0.00000000000000e+00	0.00000000000000e+00	-1.27610193619447e+05	0.00000000000000e+00	6.46805652343327e+03	0.00000000000000e+00	1
6	7	29	30	1.00000000000000e-02	0.00000000000000e+00	0.00000000000000e+00	0.00000000000000e+00	-1.27610193619440e+05	0.00000000000000e+00	6.64788631225299e+03	0.00000000000000e+00	1
1	2	25	26	1.00000000000000e-02	0.00000000000000e+00	0.00000000000000e+00	0.00000000000000e+00	-1.45011583658443e+05	0.00000000000000e+00	6.02955339761752e+03	0.00000000000000e+00	1
2	3	26	27	1.00000000000000e-02	0.00000000000000e+00	0.00000000000000e+00	0.00000000000000e+00	-1.45011583658461e+05	0.00000000000000e+00	6.35993825685937e+03	0.00000000000000e+00	1
3	4	27	28	1.00000000000000e-02	0.00000000000000e+00	0.00000000000000e+00	0.00000000000000e+00	-1.45011583658443e+05	0.00000000000000e+00	6.60963072509559e+03	0.00000000000000e+00	1
4	5	28	29	1.00000000000000e-02	0.00000000000000e+00	0.00000000000000e+00	0.00000000000000e+00	-1.45011583658461e+05	0.00000000000000e+00	6.68179931212543e+03	0.00000000000000e+00	1
5	6	29	30	1.00000000000000e-02	0.00000000000000e+00	0.00000000000000e+00	0.00000000000000e+00	-1.45011583658461e+05	0.00000000000000e+00	6.76518898194353e+03	0.00000000000000e+00	1
1	2	26	27	1.00000000000000e-02	0.00000000000000e+00	0.00000000000000e+00	0.00000000000000e+00	-1.63926138048688e+05	0.00000000000000e+00	6.05080517065516e+03	0.00000000000000e+00	1
2	3	27	28	1.00000000000000e-02	0.00000000000000e+00	0.00000000000000e+00	0.00000000000000e+00	-1.63926138048688e+05	0.00000000000000e+00	6.45509955081021e+03	0.00000000000000e+00	1
3	4	28	29	1.00000000000000e-02	0.00000000000000e+00	0.00000000000000e+00	0.00000000000000e+00	-1.63926138048688e+05	0.00000000000000e+00	6.56452243646157e+03	0.00000000000000e+00	1
4	5	29	30	1.00000000000000e-02	0.00000000000000e+00	0.00000000000000e+00	0.00000000000000e+00	-1.63926138048688e+05	0.00000000000000e+00	6.62756168495280e+03	0.00000000000000e+00	1
1	2	27	28	1.00000000000000e-02	0.00000000000000e+00	0.00000000000000e+00	0.00000000000000e+00	-1.84416905304795e+05	0.00000000000000e+00	6.15392211922582e+03	0.00000000000000e+00	1
2	3	28	29	1.00000000000000e-02	0.00000000000000e+00	0.00000000000000e+00	0.00000000000000e+00	-1.84416905304788e+05	0.00000000000000e+00	6.53177984274070e+03	0.00000000000000e+00	1
3	4	29	30	1.00000000000000e-02	0.00000000000000e+00	0.00000000000000e+00	0.00000000000000e+00	-1.84416905304795e+05	0.00000000000000e+00	6.74887219569207e+03	0.00000000000000e+00	1
1	2	28	29	1.00000000000000e-02	0.00000000000000e+00	0.00000000000000e+00	0.00000000000000e+00	-2.06546933941342e+05	0.00000000000000e+00	6.19712006715152e+03	0.00000000000000e+00	1
2	3	29	30	1.00000000000000e-02	0.00000000000000e+00	0.00000000000000e+00	0.00000000000000e+00	-2.06546933941351e+05	0.00000000000000e+00	6.63389315232337e+03	0.00000000000000e+00	1
1	2	29	30	1.00000000000000e-02	0.00000000000000e+00	0.00000000000000e+00	0.00000000000000e+00	-2.30379272473043e+05	0.00000000000000e+00	6.28597971882619e+03	0.00000000000000e+00	1
0
