0.00000000000000e+00
1.00000000000000e+00
2.00000000000000e+00
3.00000000000000e+00
4.00000000000000e+00
5.00000000000000e+00
6.00000000000000e+00
7.00000000000000e+00
8.00000000000000e+00
9.00000000000000e+00
1.00000000000000e+01
1.10000000000000e+01
1.20000000000000e+01
1.30000000000000e+01
1.40000000000000e+01
1.50000000000000e+01
1.60000000000000e+01
1.70000000000000e+01
1.80000000000000e+01
1.90000000000000e+01
2.00000000000000e+01
2.10000000000000e+01
2.20000000000000e+01
2.30000000000000e+01
2.40000000000000e+01
2.50000000000000e+01
2.60000000000000e+01
2.70000000000000e+01
2.80000000000000e+01
2.90000000000000e+01
3.00000000000000e+01
3.10000000000000e+01
3.20000000000000e+01
3.30000000000000e+01
3.40000000000000e+01
3.50000000000000e+01
3.60000000000000e+01
3.70000000000000e+01
3.80000000000000e+01
3.90000000000000e+01
4.00000000000000e+01
4.10000000000000e+01
4.20000000000000e+01
4.30000000000000e+01
4.40000000000000e+01
4.50000000000000e+01
4.60000000000000e+01
4.70000000000000e+01
4.80000000000000e+01
4.90000000000000e+01
5.00000000000000e+01
5.10000000000000e+01
5.20000000000000e+01
5.30000000000000e+01
5.40000000000000e+01
5.50000000000000e+01
5.60000000000000e+01
5.70000000000000e+01
5.80000000000000e+01
5.90000000000000e+01
6.00000000000000e+01
6.10000000000000e+01
6.20000000000000e+01
6.30000000000000e+01
6.40000000000000e+01
6.50000000000000e+01
6.60000000000000e+01
6.70000000000000e+01
6.80000000000000e+01
6.90000000000000e+01
7.00000000000000e+01
7.10000000000000e+01
7.20000000000000e+01
7.30000000000000e+01
7.40000000000000e+01
7.50000000000000e+01
7.60000000000000e+01
7.70000000000000e+01
7.80000000000000e+01
7.90000000000000e+01
8.00000000000000e+01
8.10000000000000e+01
8.20000000000000e+01
8.30000000000000e+01
8.40000000000000e+01
8.50000000000000e+01
8.60000000000000e+01
8.70000000000000e+01
8.80000000000000e+01
8.90000000000000e+01
9.00000000000000e+01
9.10000000000000e+01
9.20000000000000e+01
9.30000000000000e+01
9.40000000000000e+01
9.50000000000000e+01
9.60000000000000e+01
9.70000000000000e+01
9.80000000000000e+01
9.90000000000000e+01
1.00000000000000e+02
1.01000000000000e+02
1.02000000000000e+02
1.03000000000000e+02
1.04000000000000e+02
1.05000000000000e+02
1.06000000000000e+02
1.07000000000000e+02
1.08000000000000e+02
1.09000000000000e+02
1.10000000000000e+02
1.11000000000000e+02
1.12000000000000e+02
1.13000000000000e+02
1.14000000000000e+02
1.15000000000000e+02
1.16000000000000e+02
1.17000000000000e+02
1.18000000000000e+02
1.19000000000000e+02
1.20000000000000e+02
1.21000000000000e+02
1.22000000000000e+02
1.23000000000000e+02
1.24000000000000e+02
1.25000000000000e+02
1.26000000000000e+02
1.27000000000000e+02
1.28000000000000e+02
1.29000000000000e+02
1.30000000000000e+02
1.31000000000000e+02
1.32000000000000e+02
1.33000000000000e+02
1.34000000000000e+02
1.35000000000000e+02
1.36000000000000e+02
1.37000000000000e+02
1.38000000000000e+02
1.39000000000000e+02
1.40000000000000e+02
1.41000000000000e+02
1.42000000000000e+02
1.43000000000000e+02
1.44000000000000e+02
1.45000000000000e+02
1.46000000000000e+02
1.47000000000000e+02
1.48000000000000e+02
1.49000000000000e+02
1.50000000000000e+02
1.51000000000000e+02
1.52000000000000e+02
1.53000000000000e+02
1.54000000000000e+02
1.55000000000000e+02
1.56000000000000e+02
1.57000000000000e+02
1.58000000000000e+02
1.59000000000000e+02
1.60000000000000e+02
1.61000000000000e+02
1.62000000000000e+02
1.63000000000000e+02
1.64000000000000e+02
1.65000000000000e+02
1.66000000000000e+02
1.67000000000000e+02
1.68000000000000e+02
1.69000000000000e+02
1.70000000000000e+02
1.71000000000000e+02
1.72000000000000e+02
1.73000000000000e+02
1.74000000000000e+02
1.75000000000000e+02
1.76000000000000e+02
1.77000000000000e+02
1.78000000000000e+02
1.79000000000000e+02
1.80000000000000e+02
1.81000000000000e+02
1.82000000000000e+02
1.83000000000000e+02
1.84000000000000e+02
1.85000000000000e+02
1.86000000000000e+02
1.87000000000000e+02
1.88000000000000e+02
1.89000000000000e+02
1.90000000000000e+02
1.91000000000000e+02
1.92000000000000e+02
1.93000000000000e+02
1.94000000000000e+02
1.95000000000000e+02
1.96000000000000e+02
1.97000000000000e+02
1.98000000000000e+02
1.99000000000000e+02
2.00000000000000e+02
2.01000000000000e+02
2.02000000000000e+02
2.03000000000000e+02
2.04000000000000e+02
2.05000000000000e+02
2.06000000000000e+02
2.07000000000000e+02
2.08000000000000e+02
2.09000000000000e+02
2.10000000000000e+02
2.11000000000000e+02
2.12000000000000e+02
2.13000000000000e+02
2.14000000000000e+02
2.15000000000000e+02
2.16000000000000e+02
2.17000000000000e+02
2.18000000000000e+02
2.19000000000000e+02
2.20000000000000e+02
2.21000000000000e+02
2.22000000000000e+02
2.23000000000000e+02
2.24000000000000e+02
2.25000000000000e+02
2.26000000000000e+02
2.27000000000000e+02
2.28000000000000e+02
2.29000000000000e+02
2.30000000000000e+02
2.31000000000000e+02
2.32000000000000e+02
2.33000000000000e+02
2.34000000000000e+02
2.35000000000000e+02
2.36000000000000e+02
2.37000000000000e+02
2.38000000000000e+02
2.39000000000000e+02
2.40000000000000e+02
2.41000000000000e+02
2.42000000000000e+02
2.43000000000000e+02
2.44000000000000e+02
2.45000000000000e+02
2.46000000000000e+02
2.47000000000000e+02
2.48000000000000e+02
2.49000000000000e+02
2.50000000000000e+02
2.51000000000000e+02
2.52000000000000e+02
2.53000000000000e+02
2.54000000000000e+02
2.55000000000000e+02
2.56000000000000e+02
2.57000000000000e+02
2.58000000000000e+02
2.59000000000000e+02
2.60000000000000e+02
2.61000000000000e+02
2.62000000000000e+02
2.63000000000000e+02
2.64000000000000e+02
2.65000000000000e+02
2.66000000000000e+02
2.67000000000000e+02
2.68000000000000e+02
2.69000000000000e+02
2.70000000000000e+02
2.71000000000000e+02
2.72000000000000e+02
2.73000000000000e+02
2.74000000000000e+02
2.75000000000000e+02
2.76000000000000e+02
2.77000000000000e+02
2.78000000000000e+02
2.79000000000000e+02
2.80000000000000e+02
2.81000000000000e+02
2.82000000000000e+02
2.83000000000000e+02
2.84000000000000e+02
2.85000000000000e+02
2.86000000000000e+02
2.87000000000000e+02
2.88000000000000e+02
2.89000000000000e+02
2.90000000000000e+02
2.91000000000000e+02
2.92000000000000e+02
2.93000000000000e+02
2.94000000000000e+02
2.95000000000000e+02
2.96000000000000e+02
2.97000000000000e+02
2.98000000000000e+02
2.99000000000000e+02
3.00000000000000e+02
3.01000000000000e+02
3.02000000000000e+02
3.03000000000000e+02
3.04000000000000e+02
3.05000000000000e+02
3.06000000000000e+02
3.07000000000000e+02
3.08000000000000e+02
3.09000000000000e+02
3.10000000000000e+02
3.11000000000000e+02
3.12000000000000e+02
3.13000000000000e+02
3.14000000000000e+02
3.15000000000000e+02
3.16000000000000e+02
3.17000000000000e+02
3.18000000000000e+02
3.19000000000000e+02
3.20000000000000e+02
3.21000000000000e+02
3.22000000000000e+02
3.23000000000000e+02
3.24000000000000e+02
3.25000000000000e+02
3.26000000000000e+02
3.27000000000000e+02
3.28000000000000e+02
3.29000000000000e+02
3.30000000000000e+02
3.31000000000000e+02
3.32000000000000e+02
3.33000000000000e+02
3.34000000000000e+02
3.35000000000000e+02
3.36000000000000e+02
3.37000000000000e+02
3.38000000000000e+02
3.39000000000000e+02
3.40000000000000e+02
3.41000000000000e+02
3.42000000000000e+02
3.43000000000000e+02
3.44000000000000e+02
3.45000000000000e+02
3.46000000000000e+02
3.47000000000000e+02
3.48000000000000e+02
3.49000000000000e+02
3.50000000000000e+02
3.51000000000000e+02
3.52000000000000e+02
3.53000000000000e+02
3.54000000000000e+02
3.55000000000000e+02
3.56000000000000e+02
3.57000000000000e+02
3.58000000000000e+02
3.59000000000000e+02
3.60000000000000e+02
3.61000000000000e+02
3.62000000000000e+02
3.63000000000000e+02
3.64000000000000e+02
3.65000000000000e+02
3.66000000000000e+02
3.67000000000000e+02
3.68000000000000e+02
3.69000000000000e+02
3.70000000000000e+02
3.71000000000000e+02
3.72000000000000e+02
3.73000000000000e+02
3.74000000000000e+02
3.75000000000000e+02
3.76000000000000e+02
3.77000000000000e+02
3.78000000000000e+02
3.79000000000000e+02
3.80000000000000e+02
3.81000000000000e+02
3.82000000000000e+02
3.83000000000000e+02
3.84000000000000e+02
3.85000000000000e+02
3.86000000000000e+02
3.87000000000000e+02
3.88000000000000e+02
3.89000000000000e+02
3.90000000000000e+02
3.91000000000000e+02
3.92000000000000e+02
3.93000000000000e+02
3.94000000000000e+02
3.95000000000000e+02
3.96000000000000e+02
3.97000000000000e+02
3.98000000000000e+02
3.99000000000000e+02
4.00000000000000e+02
4.01000000000000e+02
4.02000000000000e+02
4.03000000000000e+02
4.04000000000000e+02
4.05000000000000e+02
4.06000000000000e+02
4.07000000000000e+02
4.08000000000000e+02
4.09000000000000e+02
4.10000000000000e+02
4.11000000000000e+02
4.12000000000000e+02
4.13000000000000e+02
4.14000000000000e+02
4.15000000000000e+02
4.16000000000000e+02
4.17000000000000e+02
4.18000000000000e+02
4.19000000000000e+02
4.20000000000000e+02
4.21000000000000e+02
4.22000000000000e+02
4.23000000000000e+02
4.24000000000000e+02
4.25000000000000e+02
4.26000000000000e+02
4.27000000000000e+02
4.28000000000000e+02
4.29000000000000e+02
4.30000000000000e+02
4.31000000000000e+02
4.32000000000000e+02
4.33000000000000e+02
4.34000000000000e+02
4.35000000000000e+02
4.36000000000000e+02
4.37000000000000e+02
4.38000000000000e+02
4.39000000000000e+02
4.40000000000000e+02
4.41000000000000e+02
4.42000000000000e+02
4.43000000000000e+02
4.44000000000000e+02
4.45000000000000e+02
4.46000000000000e+02
4.47000000000000e+02
4.48000000000000e+02
4.49000000000000e+02
4.50000000000000e+02
4.51000000000000e+02
4.52000000000000e+02
4.53000000000000e+02
4.54000000000000e+02
4.55000000000000e+02
4.56000000000000e+02
4.57000000000000e+02
4.58000000000000e+02
4.59000000000000e+02
4.60000000000000e+02
4.61000000000000e+02
4.62000000000000e+02
4.63000000000000e+02
4.64000000000000e+02
4.65000000000000e+02
4.66000000000000e+02
4.67000000000000e+02
4.68000000000000e+02
4.69000000000000e+02
4.70000000000000e+02
4.71000000000000e+02
4.72000000000000e+02
4.73000000000000e+02
4.74000000000000e+02
4.75000000000000e+02
4.76000000000000e+02
4.77000000000000e+02
4.78000000000000e+02
4.79000000000000e+02
4.80000000000000e+02
4.81000000000000e+02
4.82000000000000e+02
4.83000000000000e+02
4.84000000000000e+02
4.85000000000000e+02
4.86000000000000e+02
4.87000000000000e+02
4.88000000000000e+02
4.89000000000000e+02
4.90000000000000e+02
4.91000000000000e+02
4.92000000000000e+02
4.93000000000000e+02
4.94000000000000e+02
4.95000000000000e+02
4.96000000000000e+02
4.97000000000000e+02
4.98000000000000e+02
4.99000000000000e+02
5.00000000000000e+02
5.01000000000000e+02
5.02000000000000e+02
5.03000000000000e+02
5.04000000000000e+02
5.05000000000000e+02
5.06000000000000e+02
5.07000000000000e+02
5.08000000000000e+02
5.09000000000000e+02
5.10000000000000e+02
5.11000000000000e+02
5.12000000000000e+02
5.13000000000000e+02
5.14000000000000e+02
5.15000000000000e+02
5.16000000000000e+02
5.17000000000000e+02
5.18000000000000e+02
5.19000000000000e+02
5.20000000000000e+02
5.21000000000000e+02
5.22000000000000e+02
5.23000000000000e+02
5.24000000000000e+02
5.25000000000000e+02
5.26000000000000e+02
5.27000000000000e+02
5.28000000000000e+02
5.29000000000000e+02
5.30000000000000e+02
5.31000000000000e+02
5.32000000000000e+02
5.33000000000000e+02
5.34000000000000e+02
5.35000000000000e+02
5.36000000000000e+02
5.37000000000000e+02
5.38000000000000e+02
5.39000000000000e+02
5.40000000000000e+02
5.41000000000000e+02
5.42000000000000e+02
5.43000000000000e+02
5.44000000000000e+02
5.45000000000000e+02
5.46000000000000e+02
5.47000000000000e+02
5.48000000000000e+02
5.49000000000000e+02
5.50000000000000e+02
5.51000000000000e+02
5.52000000000000e+02
5.53000000000000e+02
5.54000000000000e+02
5.55000000000000e+02
5.56000000000000e+02
5.57000000000000e+02
5.58000000000000e+02
5.59000000000000e+02
5.60000000000000e+02
5.61000000000000e+02
5.62000000000000e+02
5.63000000000000e+02
5.64000000000000e+02
5.65000000000000e+02
5.66000000000000e+02
5.67000000000000e+02
5.68000000000000e+02
5.69000000000000e+02
5.70000000000000e+02
5.71000000000000e+02
5.72000000000000e+02
5.73000000000000e+02
5.74000000000000e+02
5.75000000000000e+02
5.76000000000000e+02
5.77000000000000e+02
5.78000000000000e+02
5.79000000000000e+02
5.80000000000000e+02
5.81000000000000e+02
5.82000000000000e+02
5.83000000000000e+02
5.84000000000000e+02
5.85000000000000e+02
5.86000000000000e+02
5.87000000000000e+02
5.88000000000000e+02
5.89000000000000e+02
5.90000000000000e+02
5.91000000000000e+02
5.92000000000000e+02
5.93000000000000e+02
5.94000000000000e+02
5.95000000000000e+02
5.96000000000000e+02
5.97000000000000e+02
5.98000000000000e+02
5.99000000000000e+02
6.00000000000000e+02
6.01000000000000e+02
6.02000000000000e+02
6.03000000000000e+02
6.04000000000000e+02
6.05000000000000e+02
6.06000000000000e+02
6.07000000000000e+02
6.08000000000000e+02
6.09000000000000e+02
6.10000000000000e+02
6.11000000000000e+02
6.12000000000000e+02
6.13000000000000e+02
6.14000000000000e+02
6.15000000000000e+02
6.16000000000000e+02
6.17000000000000e+02
6.18000000000000e+02
6.19000000000000e+02
6.20000000000000e+02
6.21000000000000e+02
6.22000000000000e+02
6.23000000000000e+02
6.24000000000000e+02
6.25000000000000e+02
6.26000000000000e+02
6.27000000000000e+02
6.28000000000000e+02
6.29000000000000e+02
6.30000000000000e+02
6.31000000000000e+02
6.32000000000000e+02
6.33000000000000e+02
6.34000000000000e+02
6.35000000000000e+02
6.36000000000000e+02
6.37000000000000e+02
6.38000000000000e+02
6.39000000000000e+02
6.40000000000000e+02
6.41000000000000e+02
6.42000000000000e+02
6.43000000000000e+02
6.44000000000000e+02
6.45000000000000e+02
6.46000000000000e+02
6.47000000000000e+02
6.48000000000000e+02
6.49000000000000e+02
6.50000000000000e+02
6.51000000000000e+02
6.52000000000000e+02
6.53000000000000e+02
6.54000000000000e+02
6.55000000000000e+02
6.56000000000000e+02
6.57000000000000e+02
6.58000000000000e+02
6.59000000000000e+02
6.60000000000000e+02
6.61000000000000e+02
6.62000000000000e+02
6.63000000000000e+02
6.64000000000000e+02
6.65000000000000e+02
6.66000000000000e+02
6.67000000000000e+02
6.68000000000000e+02
6.69000000000000e+02
6.70000000000000e+02
6.71000000000000e+02
6.72000000000000e+02
6.73000000000000e+02
6.74000000000000e+02
6.75000000000000e+02
6.76000000000000e+02
6.77000000000000e+02
6.78000000000000e+02
6.79000000000000e+02
6.80000000000000e+02
6.81000000000000e+02
6.82000000000000e+02
6.83000000000000e+02
6.84000000000000e+02
6.85000000000000e+02
6.86000000000000e+02
6.87000000000000e+02
6.88000000000000e+02
6.89000000000000e+02
6.90000000000000e+02
6.91000000000000e+02
6.92000000000000e+02
6.93000000000000e+02
6.94000000000000e+02
6.95000000000000e+02
6.96000000000000e+02
6.97000000000000e+02
6.98000000000000e+02
6.99000000000000e+02
7.00000000000000e+02
7.01000000000000e+02
7.02000000000000e+02
7.03000000000000e+02
7.04000000000000e+02
7.05000000000000e+02
7.06000000000000e+02
7.07000000000000e+02
7.08000000000000e+02
7.09000000000000e+02
7.10000000000000e+02
7.11000000000000e+02
7.12000000000000e+02
7.13000000000000e+02
7.14000000000000e+02
7.15000000000000e+02
7.16000000000000e+02
7.17000000000000e+02
7.18000000000000e+02
7.19000000000000e+02
7.20000000000000e+02
7.21000000000000e+02
7.22000000000000e+02
7.23000000000000e+02
7.24000000000000e+02
7.25000000000000e+02
7.26000000000000e+02
7.27000000000000e+02
7.28000000000000e+02
7.29000000000000e+02
7.30000000000000e+02
7.31000000000000e+02
7.32000000000000e+02
7.33000000000000e+02
7.34000000000000e+02
7.35000000000000e+02
7.36000000000000e+02
7.37000000000000e+02
7.38000000000000e+02
7.39000000000000e+02
7.40000000000000e+02
7.41000000000000e+02
7.42000000000000e+02
7.43000000000000e+02
7.44000000000000e+02
7.45000000000000e+02
7.46000000000000e+02
7.47000000000000e+02
7.48000000000000e+02
7.49000000000000e+02
7.50000000000000e+02
7.51000000000000e+02
7.52000000000000e+02
7.53000000000000e+02
7.54000000000000e+02
7.55000000000000e+02
7.56000000000000e+02
7.57000000000000e+02
7.58000000000000e+02
7.59000000000000e+02
7.60000000000000e+02
7.61000000000000e+02
7.62000000000000e+02
7.63000000000000e+02
7.64000000000000e+02
7.65000000000000e+02
7.66000000000000e+02
7.67000000000000e+02
7.68000000000000e+02
7.69000000000000e+02
7.70000000000000e+02
7.71000000000000e+02
7.72000000000000e+02
7.73000000000000e+02
7.74000000000000e+02
7.75000000000000e+02
7.76000000000000e+02
7.77000000000000e+02
7.78000000000000e+02
7.79000000000000e+02
7.80000000000000e+02
7.81000000000000e+02
7.82000000000000e+02
7.83000000000000e+02
7.84000000000000e+02
7.85000000000000e+02
7.86000000000000e+02
7.87000000000000e+02
7.88000000000000e+02
7.89000000000000e+02
7.90000000000000e+02
7.91000000000000e+02
7.92000000000000e+02
7.93000000000000e+02
7.94000000000000e+02
7.95000000000000e+02
7.96000000000000e+02
7.97000000000000e+02
7.98000000000000e+02
7.99000000000000e+02
8.00000000000000e+02
8.01000000000000e+02
8.02000000000000e+02
8.03000000000000e+02
8.04000000000000e+02
8.05000000000000e+02
8.06000000000000e+02
8.07000000000000e+02
8.08000000000000e+02
8.09000000000000e+02
8.10000000000000e+02
8.11000000000000e+02
8.12000000000000e+02
8.13000000000000e+02
8.14000000000000e+02
8.15000000000000e+02
8.16000000000000e+02
8.17000000000000e+02
8.18000000000000e+02
8.19000000000000e+02
8.20000000000000e+02
8.21000000000000e+02
8.22000000000000e+02
8.23000000000000e+02
8.24000000000000e+02
8.25000000000000e+02
8.26000000000000e+02
8.27000000000000e+02
8.28000000000000e+02
8.29000000000000e+02
8.30000000000000e+02
8.31000000000000e+02
8.32000000000000e+02
8.33000000000000e+02
8.34000000000000e+02
8.35000000000000e+02
8.36000000000000e+02
8.37000000000000e+02
8.38000000000000e+02
8.39000000000000e+02
8.40000000000000e+02
8.41000000000000e+02
8.42000000000000e+02
8.43000000000000e+02
8.44000000000000e+02
8.45000000000000e+02
8.46000000000000e+02
8.47000000000000e+02
8.48000000000000e+02
8.49000000000000e+02
8.50000000000000e+02
8.51000000000000e+02
8.52000000000000e+02
8.53000000000000e+02
8.54000000000000e+02
8.55000000000000e+02
8.56000000000000e+02
8.57000000000000e+02
8.58000000000000e+02
8.59000000000000e+02
8.60000000000000e+02
8.61000000000000e+02
8.62000000000000e+02
8.63000000000000e+02
8.64000000000000e+02
8.65000000000000e+02
8.66000000000000e+02
8.67000000000000e+02
8.68000000000000e+02
8.69000000000000e+02
