48 	 # Number of sensors 
# x z 
0.00 0.00 
6.14 -1.80 
11.07 -3.56 
14.38 -5.55 
19.65 -6.44 
24.92 -7.32 
29.15 -7.44 
33.29 -8.13 
38.46 -9.94 
43.43 -12.61 
48.43 -11.31 
53.31 -10.72 
58.13 -11.84 
62.53 -12.56 
67.51 -13.56 
72.15 -14.69 
78.37 -15.63 
83.02 -17.11 
89.01 -19.40 
92.82 -20.07 
97.33 -22.38 
102.55 -22.97 
107.04 -21.50 
112.21 -20.42 
117.62 -21.66 
123.03 -22.90 
126.98 -25.09 
130.82 -24.90 
134.66 -24.70 
139.14 -24.35 
143.62 -23.99 
148.87 -26.20 
153.37 -27.59 
157.83 -28.47 
162.30 -29.36 
168.19 -27.40 
173.10 -28.47 
178.73 -28.85 
183.38 -30.10 
188.38 -30.92 
193.19 -32.74 
199.23 -36.44 
203.78 -37.66 
208.28 -39.83 
212.81 -43.19 
217.74 -46.39 
222.74 -49.58 
227.63 -51.51 
308 	 # Number of measurements 
# s g t 
2 1 0.00468 
2 2 0.00000 
2 3 0.00394 
2 5 0.01251 
2 7 0.01642 
2 9 0.02160 
2 11 0.02198 
2 13 0.02706 
2 15 0.02743 
2 19 0.03152 
4 1 0.01101 
4 3 0.00579 
4 4 0.00000 
4 5 0.00591 
4 7 0.01442 
4 9 0.01979 
4 11 0.02057 
4 13 0.02629 
4 15 0.02599 
4 17 0.03032 
4 19 0.03021 
4 23 0.03605 
4 25 0.03853 
6 1 0.01507 
6 3 0.01639 
6 5 0.00578 
6 6 0.00000 
6 7 0.00918 
6 9 0.01639 
6 11 0.01964 
6 13 0.02272 
6 15 0.02404 
6 17 0.02655 
6 19 0.02743 
6 21 0.02787 
8 1 0.01711 
8 3 0.01805 
8 5 0.00859 
8 7 0.00571 
8 8 0.00000 
8 9 0.00823 
8 11 0.01307 
8 13 0.01635 
8 15 0.01879 
8 17 0.01975 
8 19 0.02198 
10 1 0.01579 
10 5 0.00990 
10 7 0.01002 
10 9 0.00758 
10 10 0.00000 
10 11 0.00732 
10 13 0.01112 
10 15 0.01235 
10 17 0.01665 
10 19 0.01641 
10 23 0.02329 
10 25 0.02673 
12 1 0.02326 
12 3 0.02554 
12 5 0.01631 
12 7 0.01717 
12 9 0.01631 
12 11 0.01144 
12 12 0.00000 
12 13 0.01010 
12 15 0.01485 
12 17 0.01997 
12 19 0.01960 
12 23 0.02972 
12 25 0.03086 
12 27 0.03431 
14 1 0.02352 
14 3 0.02459 
14 5 0.01740 
14 7 0.01862 
14 9 0.01856 
14 11 0.01230 
14 13 0.00981 
14 14 0.00000 
14 15 0.00961 
14 17 0.01373 
14 19 0.01434 
14 21 0.01802 
14 23 0.02114 
14 25 0.02413 
14 27 0.02914 
16 1 0.02936 
16 3 0.02874 
16 5 0.02061 
16 7 0.02109 
16 9 0.01988 
16 11 0.01516 
16 13 0.01347 
16 15 0.00315 
16 16 0.00000 
16 17 0.00955 
16 19 0.01190 
16 21 0.01783 
16 23 0.01946 
16 25 0.02196 
16 27 0.02648 
16 29 0.02751 
16 33 0.03150 
16 35 0.03212 
18 5 0.02873 
18 7 0.02956 
18 9 0.02775 
18 11 0.02127 
18 13 0.01713 
18 15 0.01335 
18 17 0.00911 
18 18 0.00000 
18 19 0.00645 
18 21 0.01177 
18 23 0.01347 
18 25 0.01637 
18 27 0.02218 
18 29 0.02121 
18 31 0.02702 
18 33 0.02605 
18 35 0.02545 
18 37 0.03216 
19 5 0.03010 
19 7 0.03092 
19 9 0.03082 
19 13 0.02367 
19 15 0.01909 
19 17 0.01765 
19 19 0.00393 
19 19 0.00000 
19 21 0.01306 
19 23 0.02058 
19 25 0.02177 
19 27 0.02506 
19 29 0.02753 
19 31 0.02947 
19 35 0.03107 
24 5 0.03598 
24 7 0.03557 
24 9 0.03546 
24 13 0.02820 
24 15 0.02465 
24 17 0.02329 
24 19 0.01678 
24 21 0.01448 
24 23 0.01297 
24 24 0.00000 
24 25 0.01112 
24 27 0.01186 
24 29 0.01628 
24 31 0.02224 
24 33 0.02140 
24 35 0.01972 
24 37 0.02644 
24 39 0.02611 
26 3 0.04030 
26 5 0.03823 
26 7 0.03738 
26 9 0.03714 
26 13 0.03179 
26 15 0.03131 
26 17 0.03070 
26 19 0.02001 
26 21 0.01794 
26 23 0.01490 
26 25 0.01308 
26 26 0.00000 
26 27 0.01041 
26 29 0.01466 
26 31 0.01952 
26 33 0.02013 
26 35 0.01952 
26 37 0.03021 
26 39 0.02669 
28 13 0.02726 
28 15 0.02200 
28 17 0.02054 
28 19 0.01555 
28 21 0.01275 
28 23 0.01077 
28 25 0.00837 
28 27 0.00582 
28 28 0.00000 
28 29 0.00338 
28 31 0.01251 
28 33 0.01372 
28 35 0.01093 
28 37 0.01981 
28 39 0.01956 
28 41 0.02358 
28 43 0.02638 
28 45 0.03417 
30 13 0.03740 
30 15 0.03410 
30 17 0.03252 
30 19 0.02693 
30 21 0.02367 
30 23 0.02074 
30 25 0.01843 
30 27 0.01563 
30 29 0.01199 
30 30 0.00000 
30 31 0.00719 
30 33 0.01466 
30 35 0.01539 
30 37 0.02195 
30 39 0.02195 
30 41 0.02742 
30 43 0.02949 
30 45 0.03750 
32 13 0.03483 
32 15 0.03557 
32 17 0.03250 
32 19 0.02623 
32 21 0.02635 
32 23 0.02193 
32 25 0.01948 
32 27 0.01751 
32 29 0.01506 
32 31 0.01162 
32 32 0.00000 
32 33 0.00965 
32 35 0.01063 
32 37 0.01727 
32 39 0.01678 
32 41 0.02206 
32 43 0.02550 
32 45 0.03250 
32 47 0.03348 
34 19 0.02433 
34 21 0.02353 
34 23 0.02138 
34 25 0.01926 
34 27 0.01714 
34 29 0.01506 
34 31 0.01383 
34 33 0.00658 
34 34 0.00000 
34 35 0.00440 
34 37 0.00891 
34 39 0.01039 
34 41 0.01714 
34 43 0.02636 
34 47 0.02673 
36 19 0.03191 
36 21 0.03008 
36 23 0.02898 
36 27 0.02326 
36 29 0.02338 
36 31 0.02093 
36 33 0.01546 
36 35 0.00949 
36 36 0.00000 
36 37 0.01229 
36 39 0.01314 
36 41 0.01875 
36 43 0.02253 
36 45 0.03069 
36 47 0.03060 
38 19 0.03181 
38 21 0.03074 
38 25 0.02492 
38 27 0.02180 
38 29 0.02069 
38 31 0.02029 
38 33 0.01734 
38 35 0.00981 
38 37 0.01153 
38 38 0.00000 
38 39 0.00663 
38 41 0.01177 
38 43 0.01483 
38 45 0.01547 
38 47 0.01754 
40 21 0.03204 
40 27 0.02572 
40 29 0.02377 
40 31 0.02336 
40 33 0.01831 
40 35 0.01396 
40 37 0.01454 
40 39 0.00348 
40 40 0.00000 
40 41 0.01199 
40 43 0.01612 
40 45 0.02231 
40 47 0.02292 
42 29 0.03362 
42 31 0.03217 
42 33 0.02687 
42 35 0.02241 
42 37 0.01985 
42 39 0.01675 
42 41 0.01494 
42 42 0.00000 
42 43 0.00723 
42 45 0.01916 
42 47 0.01976 
48 33 0.02588 
48 35 0.02132 
48 37 0.02144 
48 39 0.01759 
48 41 0.01821 
48 43 0.01567 
48 45 0.01644 
48 47 0.00756 
48 48 0.00000 
