48 	 # Number of sensors 
# x z 
0.00 0.00 
6.14 -1.80 
11.07 -3.56 
14.38 -5.55 
19.65 -6.44 
24.92 -7.32 
29.15 -7.44 
33.29 -8.13 
38.46 -9.94 
43.43 -12.61 
48.43 -11.31 
53.31 -10.72 
58.13 -11.84 
62.53 -12.56 
67.51 -13.56 
72.15 -14.69 
78.37 -15.63 
83.02 -17.11 
89.01 -19.40 
92.82 -20.07 
97.33 -22.38 
102.55 -22.97 
107.04 -21.50 
112.21 -20.42 
117.62 -21.66 
123.03 -22.90 
126.98 -25.09 
130.82 -24.90 
134.66 -24.70 
139.14 -24.35 
143.62 -23.99 
148.87 -26.20 
153.37 -27.59 
157.83 -28.47 
162.30 -29.36 
168.19 -27.40 
173.10 -28.47 
178.73 -28.85 
183.38 -30.10 
188.38 -30.92 
193.19 -32.74 
199.23 -36.44 
203.78 -37.66 
208.28 -39.83 
212.81 -43.19 
217.74 -46.39 
222.74 -49.58 
227.63 -51.51 
301 	 # Number of measurements 
# a b m n u i err
1 46 16 31 121.594 0.384  0.01
1 40 14 27 305.753 0.615  0.01
1 37 13 25 40.169 0.062  0.01
1 34 12 23 80.958 0.122  0.01
1 31 11 21 47.487 0.072  0.01
1 28 10 19 53.496 0.081  0.01
1 25 9 17 40.382 0.054  0.01
1 22 8 15 63.693 0.092  0.01
1 19 7 13 26.706 0.038  0.01
1 16 6 11 99.526 0.143  0.01
1 13 5 9 55.256 0.074  0.01
1 10 4 7 137.010 0.162  0.01
1 7 3 5 57.793 0.067  0.01
1 4 2 3 62.075 0.072  0.01
2 47 17 32 119.810 0.424  0.01
2 44 16 30 33.150 0.091  0.01
2 41 15 28 25.641 0.051  0.01
2 32 12 22 21.582 0.025  0.01
2 29 11 20 41.825 0.057  0.01
2 26 10 18 41.323 0.059  0.01
2 23 9 16 41.444 0.051  0.01
2 20 8 14 52.495 0.074  0.01
2 17 7 12 45.274 0.070  0.01
2 14 6 10 36.583 0.046  0.01
2 11 5 8 17.430 0.019  0.01
2 8 4 6 75.259 0.064  0.01
2 5 3 4 56.054 0.067  0.01
3 45 17 31 26.318 0.075  0.01
3 42 16 29 26.506 0.060  0.01
3 39 15 27 70.095 0.134  0.01
3 36 14 25 228.544 0.372  0.01
3 33 13 23 31.862 0.043  0.01
3 30 12 21 16.330 0.019  0.01
3 27 11 19 42.865 0.062  0.01
3 24 10 17 41.250 0.051  0.01
3 21 9 15 43.961 0.057  0.01
3 18 8 13 16.104 0.022  0.01
3 15 7 11 36.949 0.046  0.01
3 12 6 9 40.910 0.056  0.01
3 9 5 7 55.053 0.057  0.01
3 6 4 5 36.796 0.025  0.01
4 46 18 32 197.835 0.648  0.01
4 43 17 30 426.211 1.440  0.01
4 40 16 28 43.240 0.083  0.01
4 37 15 26 266.285 0.455  0.01
4 34 14 24 386.353 0.575  0.01
4 31 13 22 47.264 0.060  0.01
4 28 12 20 49.267 0.062  0.01
4 25 11 18 30.384 0.045  0.01
4 22 10 16 42.009 0.057  0.01
4 19 9 14 16.216 0.022  0.01
4 16 8 12 48.814 0.072  0.01
4 13 7 10 37.781 0.049  0.01
4 10 6 8 41.043 0.060  0.01
4 7 5 6 61.528 0.049  0.01
5 47 19 33 70.086 0.255  0.01
5 41 17 29 32.342 0.059  0.01
5 38 16 27 41.186 0.072  0.01
5 35 15 25 58.351 0.093  0.01
5 32 14 23 130.244 0.179  0.01
5 29 13 21 50.494 0.067  0.01
5 26 12 19 48.374 0.062  0.01
5 23 11 17 44.508 0.062  0.01
5 20 10 15 52.478 0.068  0.01
5 17 9 13 48.504 0.065  0.01
5 14 8 11 38.716 0.045  0.01
5 11 7 9 20.437 0.029  0.01
5 8 6 7 52.061 0.057  0.01
6 45 19 32 17.039 0.052  0.01
6 39 17 28 20.336 0.033  0.01
6 36 16 26 17.853 0.025  0.01
6 33 15 24 16.581 0.021  0.01
6 30 14 22 89.626 0.112  0.01
6 27 13 20 20.882 0.022  0.01
6 24 12 18 20.800 0.024  0.01
6 21 11 16 21.505 0.029  0.01
6 18 10 14 15.011 0.017  0.01
6 15 9 12 19.198 0.021  0.01
6 12 8 10 18.104 0.017  0.01
6 9 7 8 28.448 0.024  0.01
7 43 19 31 138.331 0.403  0.01
7 40 18 29 37.282 0.068  0.01
7 37 17 27 33.964 0.057  0.01
7 34 16 25 44.584 0.065  0.01
7 31 15 23 43.806 0.057  0.01
7 28 14 21 44.584 0.057  0.01
7 25 13 19 39.021 0.049  0.01
7 22 12 17 59.190 0.074  0.01
7 19 11 15 17.386 0.021  0.01
7 16 10 13 51.317 0.067  0.01
7 13 9 11 57.302 0.062  0.01
7 10 8 9 56.210 0.068  0.01
8 47 21 34 60.218 0.208  0.01
8 44 20 32 21.954 0.072  0.01
8 41 19 30 107.765 0.241  0.01
8 38 18 28 38.726 0.064  0.01
8 32 16 24 22.408 0.032  0.01
8 29 15 22 469.857 0.632  0.01
8 26 14 20 470.577 0.579  0.01
8 23 13 18 253.501 0.360  0.01
8 20 12 16 56.025 0.068  0.01
8 17 11 14 36.968 0.056  0.01
8 14 10 12 30.804 0.038  0.01
8 11 9 10 18.079 0.016  0.01
9 45 21 33 24.926 0.083  0.01
9 42 20 31 30.341 0.076  0.01
9 39 19 29 38.395 0.073  0.01
9 33 17 25 34.040 0.049  0.01
9 30 16 23 16.635 0.021  0.01
9 27 15 21 50.662 0.067  0.01
9 24 14 19 46.632 0.057  0.01
9 21 13 17 53.390 0.064  0.01
9 18 12 15 28.712 0.030  0.01
9 15 11 13 31.204 0.046  0.01
9 12 10 11 54.086 0.057  0.01
10 46 22 34 34.920 0.127  0.01
10 43 21 32 21.865 0.060  0.01
10 40 20 30 47.469 0.100  0.01
10 37 19 28 263.253 0.463  0.01
10 34 18 26 78.322 0.118  0.01
10 31 17 24 255.800 0.374  0.01
10 25 15 20 270.405 0.346  0.01
10 22 14 18 72.832 0.103  0.01
10 19 13 16 187.803 0.217  0.01
10 16 12 14 116.935 0.141  0.01
10 13 11 12 35.893 0.062  0.01
11 47 23 35 52.118 0.184  0.01
11 41 21 31 20.965 0.043  0.01
11 38 20 29 16.680 0.029  0.01
11 35 19 27 18.396 0.029  0.01
11 32 18 25 16.867 0.021  0.01
11 29 17 23 74.473 0.103  0.01
11 26 16 21 21.184 0.025  0.01
11 23 15 19 153.793 0.200  0.01
11 20 14 17 29.297 0.029  0.01
11 17 13 15 19.801 0.019  0.01
11 14 12 13 18.495 0.016  0.01
12 48 24 36 18.644 0.067  0.01
12 45 23 34 19.252 0.064  0.01
12 42 22 32 26.059 0.072  0.01
12 39 21 30 38.834 0.074  0.01
12 36 20 28 31.268 0.049  0.01
12 33 19 26 15.993 0.024  0.01
12 30 18 24 20.863 0.025  0.01
12 27 17 22 47.544 0.059  0.01
12 24 16 20 43.907 0.054  0.01
12 21 15 18 40.652 0.057  0.01
12 18 14 16 29.532 0.029  0.01
12 15 13 14 35.102 0.040  0.01
13 46 24 35 20.746 0.062  0.01
13 40 22 31 34.459 0.073  0.01
13 37 21 29 38.252 0.062  0.01
13 34 20 27 41.814 0.067  0.01
13 31 19 25 42.462 0.062  0.01
13 28 18 23 46.539 0.062  0.01
13 25 17 21 32.015 0.045  0.01
13 22 16 19 43.567 0.057  0.01
13 19 15 17 29.240 0.032  0.01
13 16 14 15 74.851 0.059  0.01
14 47 25 36 20.242 0.072  0.01
14 44 24 34 16.591 0.048  0.01
14 41 23 32 15.001 0.033  0.01
14 38 22 30 14.502 0.025  0.01
14 35 21 28 234.237 0.348  0.01
14 32 20 26 16.705 0.021  0.01
14 29 19 24 27.520 0.040  0.01
14 26 18 22 223.861 0.262  0.01
14 23 17 20 30.826 0.038  0.01
14 20 16 18 31.262 0.045  0.01
15 48 26 37 19.023 0.062  0.01
15 45 25 35 16.995 0.049  0.01
15 42 24 33 12.064 0.025  0.01
15 36 22 29 29.643 0.046  0.01
15 33 21 27 102.612 0.151  0.01
15 30 20 25 18.422 0.024  0.01
15 27 19 23 37.921 0.048  0.01
15 21 17 19 47.417 0.054  0.01
15 18 16 17 33.547 0.024  0.01
16 46 26 36 40.031 0.122  0.01
16 43 25 34 27.056 0.074  0.01
16 40 24 32 44.486 0.087  0.01
16 37 23 30 43.197 0.076  0.01
16 34 22 28 148.168 0.222  0.01
16 28 20 24 623.728 0.966  0.01
17 41 25 33 32.349 0.064  0.01
17 38 24 31 39.063 0.067  0.01
17 35 23 29 55.862 0.083  0.01
17 32 22 27 18.164 0.025  0.01
17 29 21 25 48.909 0.064  0.01
17 26 20 23 318.781 0.446  0.01
17 23 19 21 38.748 0.052  0.01
17 20 18 19 457.655 0.424  0.01
18 48 28 38 20.194 0.062  0.01
18 42 26 34 17.045 0.038  0.01
18 39 25 32 20.081 0.035  0.01
18 36 24 30 19.220 0.029  0.01
18 30 22 26 16.120 0.024  0.01
18 24 20 22 21.089 0.024  0.01
18 21 19 20 34.049 0.029  0.01
19 40 26 33 17.910 0.029  0.01
19 37 25 31 21.315 0.033  0.01
19 34 24 29 29.389 0.037  0.01
19 31 23 27 16.158 0.019  0.01
19 25 21 23 22.917 0.021  0.01
19 22 20 21 18.288 0.035  0.01
20 47 29 38 86.985 0.248  0.01
20 41 27 34 146.866 0.257  0.01
20 38 26 32 51.684 0.086  0.01
20 35 25 30 69.699 0.095  0.01
20 32 24 28 146.346 0.176  0.01
20 29 23 26 242.062 0.360  0.01
20 26 22 24 261.565 0.415  0.01
20 23 21 22 481.983 0.386  0.01
21 39 27 33 61.450 0.093  0.01
21 36 26 31 35.976 0.056  0.01
21 33 25 29 29.866 0.037  0.01
21 30 24 27 20.402 0.029  0.01
21 27 23 25 50.548 0.067  0.01
22 46 30 38 36.999 0.094  0.01
22 43 29 36 26.604 0.057  0.01
22 40 28 34 44.603 0.072  0.01
22 37 27 32 41.723 0.059  0.01
22 34 26 30 63.801 0.079  0.01
22 31 25 28 64.578 0.074  0.01
22 28 24 26 61.145 0.074  0.01
22 25 23 24 43.593 0.051  0.01
23 47 31 39 16.794 0.038  0.01
23 44 30 37 26.183 0.062  0.01
23 41 29 35 23.562 0.038  0.01
23 38 28 33 34.453 0.049  0.01
23 35 27 31 40.070 0.054  0.01
23 32 26 29 20.978 0.024  0.01
23 29 25 27 31.662 0.045  0.01
23 26 24 25 45.427 0.045  0.01
24 48 32 40 26.468 0.067  0.01
24 45 31 38 239.935 0.505  0.01
24 36 28 32 39.180 0.060  0.01
24 33 27 30 32.342 0.035  0.01
24 30 26 28 18.346 0.021  0.01
24 27 25 26 63.375 0.060  0.01
25 46 32 39 79.403 0.162  0.01
25 40 30 35 44.522 0.064  0.01
25 37 29 33 33.706 0.045  0.01
25 34 28 31 35.165 0.051  0.01
25 31 27 29 48.240 0.045  0.01
25 28 26 27 34.876 0.045  0.01
26 47 33 40 19.328 0.043  0.01
26 44 32 38 39.225 0.074  0.01
26 41 31 36 33.884 0.045  0.01
26 38 30 34 40.395 0.060  0.01
26 35 29 32 51.417 0.074  0.01
26 32 28 30 24.672 0.025  0.01
26 29 27 28 78.659 0.062  0.01
27 48 34 41 59.614 0.134  0.01
27 45 33 39 55.781 0.110  0.01
27 42 32 37 50.265 0.079  0.01
27 39 31 35 79.627 0.100  0.01
27 36 30 33 45.819 0.064  0.01
27 33 29 31 22.345 0.038  0.01
27 30 28 29 22.440 0.029  0.01
28 46 34 40 36.844 0.065  0.01
28 43 33 38 33.086 0.051  0.01
28 40 32 36 52.481 0.059  0.01
28 37 31 34 59.157 0.064  0.01
28 34 30 32 42.222 0.065  0.01
28 31 29 30 59.598 0.057  0.01
29 47 35 41 13.631 0.024  0.01
29 44 34 39 38.462 0.059  0.01
29 41 33 37 131.030 0.176  0.01
29 35 31 33 81.473 0.083  0.01
30 48 36 42 17.494 0.032  0.01
30 45 35 40 18.333 0.030  0.01
30 39 33 36 30.578 0.033  0.01
30 36 32 34 26.703 0.025  0.01
30 33 31 32 45.548 0.041  0.01
31 37 33 35 64.993 0.079  0.01
31 34 32 33 63.982 0.067  0.01
32 47 37 42 144.754 0.250  0.01
32 35 33 34 28.251 0.033  0.01
33 48 38 43 24.497 0.041  0.01
33 39 35 37 41.215 0.045  0.01
33 36 34 35 144.744 0.136  0.01
34 46 38 42 463.801 0.772  0.01
34 37 35 36 90.227 0.095  0.01
35 47 39 43 31.153 0.051  0.01
35 44 38 41 302.840 0.517  0.01
35 41 37 39 247.021 0.260  0.01
36 45 39 42 47.236 0.072  0.01
36 39 37 38 92.817 0.086  0.01
37 46 40 43 52.338 0.068  0.01
37 43 39 41 280.319 0.484  0.01
37 40 38 39 492.793 0.541  0.01
38 44 40 42 551.759 0.679  0.01
38 41 39 40 197.831 0.255  0.01
39 48 42 45 108.563 0.216  0.01
39 45 41 43 135.904 0.162  0.01
39 42 40 41 91.464 0.095  0.01
40 46 42 44 327.287 0.539  0.01
40 43 41 42 242.978 0.260  0.01
41 44 42 43 45.083 0.054  0.01
43 46 44 45 264.411 0.618  0.01
