72 	 # Number of sensors 
# x z 
0.00 0.00 
2.89 0.79 
5.83 1.39 
8.82 1.72 
11.80 1.44 
14.77 1.87 
17.76 2.10 
20.74 2.45 
23.71 2.90 
26.67 3.37 
29.66 3.57 
32.66 3.70 
35.66 3.88 
38.66 3.97 
41.65 4.11 
44.65 4.25 
47.64 4.03 
50.64 4.07 
53.64 4.11 
56.63 4.38 
59.62 4.59 
62.58 5.09 
65.40 6.10 
68.15 7.30 
71.02 8.19 
73.87 9.12 
76.73 10.04 
79.54 11.08 
82.43 11.87 
84.81 13.70 
87.71 14.47 
90.60 15.27 
93.33 16.51 
96.13 17.58 
98.95 18.62 
101.79 19.58 
104.59 20.67 
107.40 21.71 
110.20 22.79 
113.03 23.79 
115.88 24.72 
118.67 25.83 
121.47 26.91 
124.23 28.07 
126.99 29.25 
129.69 30.56 
132.37 31.91 
135.14 33.07 
138.07 33.72 
140.80 34.96 
143.59 36.05 
146.36 37.21 
149.11 38.41 
151.88 39.56 
154.68 40.64 
157.50 41.66 
160.37 42.53 
163.26 43.34 
164.68 45.98 
167.60 46.68 
170.51 47.38 
173.47 47.90 
176.44 48.32 
179.42 48.65 
182.40 49.02 
185.39 49.29 
188.38 49.50 
191.38 49.63 
194.37 49.78 
197.34 50.21 
200.33 50.46 
203.31 50.80 
636 	 # Number of measurements 
# a b m n u i err
1 46 16 31 411.384 4.257  0.01
1 43 15 29 435.026 4.129  0.01
1 40 14 27 456.951 3.853  0.01
1 37 13 25 587.700 4.401  0.01
1 34 12 23 559.198 3.956  0.01
1 31 11 21 472.912 3.428  0.01
1 28 10 19 473.653 3.238  0.01
1 25 9 17 625.182 3.565  0.01
1 22 8 15 701.664 2.656  0.01
1 19 7 13 1402.600 3.181  0.01
1 16 6 11 1914.031 2.851  0.01
1 13 5 9 3042.504 2.537  0.01
1 10 4 7 3023.859 1.397  0.01
1 7 3 5 3022.537 0.706  0.01
1 4 2 3 3073.720 0.372  0.01
2 47 17 32 398.627 3.980  0.01
2 44 16 30 447.252 4.274  0.01
2 41 15 28 446.216 3.837  0.01
2 38 14 26 574.612 4.268  0.01
2 35 13 24 611.389 4.121  0.01
2 32 12 22 506.631 3.484  0.01
2 29 11 20 552.449 3.681  0.01
2 26 10 18 666.588 3.905  0.01
2 23 9 16 454.789 2.004  0.01
2 20 8 14 1173.616 3.066  0.01
2 17 7 12 2065.698 3.314  0.01
2 14 6 10 3028.882 2.931  0.01
2 11 5 8 3018.448 1.493  0.01
2 8 4 6 3043.295 0.782  0.01
2 5 3 4 3097.365 0.353  0.01
3 48 18 33 504.437 5.112  0.01
3 45 17 31 428.757 4.096  0.01
3 42 16 29 465.934 4.048  0.01
3 39 15 27 556.349 4.304  0.01
3 36 14 25 722.359 4.881  0.01
3 33 13 23 622.900 3.940  0.01
3 30 12 21 470.385 3.004  0.01
3 27 11 19 632.949 3.634  0.01
3 24 10 17 901.024 4.218  0.01
3 21 9 15 1130.055 3.187  0.01
3 18 8 13 2099.760 3.742  0.01
3 15 7 11 3011.569 3.285  0.01
3 12 6 9 3043.985 1.766  0.01
3 9 5 7 3028.491 0.877  0.01
3 6 4 5 3035.621 0.348  0.01
4 46 18 32 504.269 4.729  0.01
4 43 17 30 518.180 4.576  0.01
4 40 16 28 544.845 4.255  0.01
4 37 15 26 722.753 4.896  0.01
4 34 14 24 718.366 4.376  0.01
4 31 13 22 632.888 3.732  0.01
4 28 12 20 634.802 3.516  0.01
4 25 11 18 841.572 3.896  0.01
4 22 10 16 958.858 2.875  0.01
4 19 9 14 1928.095 3.490  0.01
4 16 8 12 2683.908 3.114  0.01
4 13 7 10 3031.415 1.852  0.01
4 10 6 8 3045.415 0.863  0.01
4 7 5 6 3003.546 0.334  0.01
5 47 19 33 367.184 3.448  0.01
5 44 18 31 418.657 3.686  0.01
5 41 17 29 431.621 3.386  0.01
5 38 16 27 531.522 3.672  0.01
5 35 15 25 595.084 3.581  0.01
5 32 14 23 571.955 3.087  0.01
5 29 13 21 618.456 3.238  0.01
5 26 12 19 749.669 3.405  0.01
5 23 11 17 576.396 1.887  0.01
5 20 10 15 1569.675 2.817  0.01
5 17 9 13 2678.069 2.993  0.01
5 14 8 11 3027.394 1.945  0.01
5 11 7 9 3032.976 0.849  0.01
5 8 6 7 2985.572 0.367  0.01
6 48 20 34 405.042 3.910  0.01
6 45 19 32 381.404 3.300  0.01
6 42 18 30 410.427 3.262  0.01
6 39 17 28 500.855 3.433  0.01
6 36 16 26 636.092 3.770  0.01
6 33 15 24 612.225 3.195  0.01
6 30 14 22 542.925 2.551  0.01
6 27 13 20 730.402 2.995  0.01
6 24 12 18 1042.959 3.371  0.01
6 21 11 16 1527.487 2.712  0.01
6 18 10 14 2900.660 3.103  0.01
6 15 9 12 3029.057 1.920  0.01
6 12 8 10 3037.227 0.954  0.01
6 9 7 8 2975.769 0.334  0.01
7 46 20 33 399.943 3.525  0.01
7 43 19 31 430.060 3.443  0.01
7 40 18 29 474.594 3.262  0.01
7 37 17 27 606.449 3.610  0.01
7 34 16 25 643.776 3.332  0.01
7 31 15 23 690.039 2.945  0.01
7 28 14 21 734.858 2.812  0.01
7 25 13 19 975.325 3.045  0.01
7 22 12 17 1256.856 2.398  0.01
7 19 11 15 2723.731 2.807  0.01
7 16 10 13 3025.814 1.903  0.01
7 13 9 11 3039.420 1.020  0.01
7 10 8 9 3031.721 0.405  0.01
8 47 21 34 371.911 3.332  0.01
8 44 20 32 451.820 3.581  0.01
8 41 19 30 469.762 3.303  0.01
8 38 18 28 605.940 3.565  0.01
8 35 17 26 701.867 3.481  0.01
8 32 16 24 717.842 3.018  0.01
8 29 15 22 890.460 3.161  0.01
8 26 14 20 1157.149 3.316  0.01
8 23 13 18 927.898 1.874  0.01
8 20 12 16 2688.849 2.775  0.01
8 17 11 14 3040.021 1.764  0.01
8 14 10 12 3057.028 0.933  0.01
8 11 9 10 3033.612 0.391  0.01
9 48 22 35 430.776 4.056  0.01
9 45 21 33 416.308 3.409  0.01
9 42 20 31 468.058 3.374  0.01
9 39 19 29 599.872 3.556  0.01
9 36 18 27 778.117 3.904  0.01
9 33 17 25 791.364 3.293  0.01
9 30 16 23 816.979 2.623  0.01
9 27 15 21 1171.124 3.090  0.01
9 24 14 19 1774.432 3.486  0.01
9 21 13 17 2642.656 2.823  0.01
9 18 12 15 3016.417 1.764  0.01
9 15 11 13 3007.246 0.925  0.01
9 12 10 11 2984.460 0.424  0.01
10 46 22 34 492.167 4.215  0.01
10 43 21 32 563.832 4.101  0.01
10 40 20 30 620.637 3.854  0.01
10 37 19 28 866.097 4.339  0.01
10 34 18 26 959.710 3.953  0.01
10 31 17 24 1089.928 3.416  0.01
10 28 16 22 1305.688 3.241  0.01
10 25 15 20 1894.503 3.548  0.01
10 22 14 18 2463.835 2.716  0.01
10 19 13 16 3027.499 1.777  0.01
10 16 12 14 3005.940 0.992  0.01
10 13 11 12 3087.139 0.429  0.01
11 47 23 35 430.229 3.908  0.01
11 44 22 33 555.672 4.280  0.01
11 41 21 31 601.557 3.910  0.01
11 38 20 29 824.568 4.252  0.01
11 35 19 27 993.823 4.144  0.01
11 32 18 25 1079.870 3.502  0.01
11 29 17 23 1601.648 3.691  0.01
11 26 16 21 2141.534 3.897  0.01
11 23 15 19 1682.898 2.063  0.01
11 20 14 17 3017.326 1.836  0.01
11 17 13 15 3045.765 1.016  0.01
11 14 12 13 3090.086 0.472  0.01
12 48 24 36 613.548 5.449  0.01
12 45 23 34 525.002 4.358  0.01
12 42 22 32 646.974 4.292  0.01
12 39 21 30 853.512 4.597  0.01
12 36 20 28 1227.276 5.178  0.01
12 33 19 26 1294.962 4.166  0.01
12 30 18 24 1407.833 3.157  0.01
12 27 17 22 2395.692 3.850  0.01
12 24 16 20 3052.969 3.567  0.01
12 21 15 18 3017.673 1.864  0.01
12 18 14 16 3032.369 0.978  0.01
12 15 13 14 3019.116 0.491  0.01
13 46 24 35 691.701 5.635  0.01
13 43 23 33 750.931 5.441  0.01
13 40 22 31 881.750 5.015  0.01
13 37 21 29 1359.450 5.859  0.01
13 34 20 27 1538.133 5.190  0.01
13 31 19 25 1882.837 4.306  0.01
13 28 18 23 2709.976 4.034  0.01
13 25 17 21 3038.240 3.304  0.01
13 22 16 19 3016.850 1.977  0.01
13 19 15 17 3001.778 1.016  0.01
13 16 14 15 3044.875 0.496  0.01
14 47 25 36 574.024 4.422  0.01
14 44 24 34 686.075 4.962  0.01
14 41 23 32 735.345 4.482  0.01
14 38 22 30 1056.273 4.923  0.01
14 35 21 28 1394.764 4.787  0.01
14 32 20 26 1616.036 3.953  0.01
14 29 19 24 2735.521 4.191  0.01
14 26 18 22 3060.760 3.184  0.01
14 23 17 20 3012.755 2.068  0.01
14 20 16 18 3062.941 1.092  0.01
14 17 15 16 2994.530 0.491  0.01
15 48 26 37 660.602 4.923  0.01
15 45 25 35 570.222 4.025  0.01
15 42 24 33 651.443 3.967  0.01
15 39 23 31 830.315 4.225  0.01
15 36 22 29 1295.035 4.702  0.01
15 33 21 27 1485.277 3.856  0.01
15 30 20 25 1825.889 2.983  0.01
15 27 19 23 3120.702 2.944  0.01
15 24 18 21 3025.350 2.009  0.01
15 21 17 19 3044.706 1.079  0.01
15 18 16 17 3022.371 0.534  0.01
16 46 26 36 641.942 4.250  0.01
16 43 25 34 687.915 4.137  0.01
16 40 24 32 798.500 3.889  0.01
16 37 23 30 1059.086 4.371  0.01
16 34 22 28 1419.617 3.994  0.01
16 31 21 26 1984.816 3.451  0.01
16 28 20 24 3038.298 3.095  0.01
16 25 19 22 3038.876 1.917  0.01
16 22 18 20 2989.978 1.063  0.01
16 19 17 18 3003.514 0.501  0.01
17 47 27 37 725.169 4.439  0.01
17 44 26 35 852.110 5.018  0.01
17 41 25 33 921.051 4.535  0.01
17 38 24 31 1218.655 4.969  0.01
17 35 23 29 1498.902 4.840  0.01
17 32 22 27 1940.356 3.990  0.01
17 29 21 25 3027.105 3.502  0.01
17 26 20 23 3022.486 1.926  0.01
17 23 19 21 2999.823 1.202  0.01
17 20 18 19 3008.734 0.529  0.01
18 48 28 38 1055.109 6.183  0.01
18 45 27 36 894.605 4.835  0.01
18 42 26 34 981.311 4.754  0.01
18 39 25 32 1350.936 5.131  0.01
18 36 24 30 1800.715 5.840  0.01
18 33 23 28 1873.122 4.592  0.01
18 30 22 26 2598.094 3.405  0.01
18 27 21 24 3028.030 2.035  0.01
18 24 20 22 3053.989 1.249  0.01
18 21 19 20 3099.972 0.512  0.01
19 46 28 37 993.467 4.996  0.01
19 43 27 35 1062.192 4.840  0.01
19 40 26 33 1203.743 4.512  0.01
19 37 25 31 1672.030 5.159  0.01
19 34 24 29 1904.790 4.649  0.01
19 31 23 27 2315.805 3.929  0.01
19 28 22 25 3003.921 2.418  0.01
19 25 21 23 3006.801 1.125  0.01
19 22 20 21 3007.427 0.553  0.01
20 47 29 38 878.333 4.110  0.01
20 44 28 36 1093.409 4.625  0.01
20 41 27 34 1184.297 4.215  0.01
20 38 26 32 1610.002 4.582  0.01
20 35 25 30 1901.525 4.481  0.01
20 32 24 28 2163.640 3.743  0.01
20 29 23 26 3022.089 3.203  0.01
20 26 22 24 3046.430 1.326  0.01
20 23 21 22 2978.636 0.628  0.01
21 48 30 39 1126.934 4.962  0.01
21 45 29 37 1014.581 4.063  0.01
21 42 28 35 1167.703 4.005  0.01
21 39 27 33 1611.303 4.268  0.01
21 36 26 31 2075.524 4.743  0.01
21 33 25 29 2327.590 3.891  0.01
21 30 24 27 2628.818 3.007  0.01
21 27 23 25 3002.500 1.793  0.01
21 24 22 23 2982.323 0.553  0.01
22 46 30 38 1061.677 3.870  0.01
22 43 29 36 1164.696 3.780  0.01
22 40 28 34 1395.791 3.576  0.01
22 37 27 32 2013.811 3.966  0.01
22 34 26 30 2157.050 3.662  0.01
22 31 25 28 2928.364 3.203  0.01
22 28 24 26 3000.357 1.888  0.01
22 25 23 24 3002.837 0.757  0.01
23 47 31 39 730.789 2.429  0.01
23 44 30 37 876.648 2.604  0.01
23 41 29 35 975.544 2.470  0.01
23 38 28 33 1376.222 2.589  0.01
23 35 27 31 1719.589 2.556  0.01
23 32 26 29 2138.358 2.303  0.01
23 29 25 27 2998.212 1.872  0.01
23 26 24 25 3028.904 0.769  0.01
24 48 32 40 2092.432 7.067  0.01
24 45 31 38 1841.434 5.374  0.01
24 42 30 36 2116.408 5.269  0.01
24 39 29 34 2866.735 5.736  0.01
24 36 28 32 3040.043 4.571  0.01
24 33 27 30 3033.510 3.349  0.01
24 30 26 28 2997.871 2.007  0.01
24 27 25 26 3010.619 0.677  0.01
25 46 32 39 1949.870 5.717  0.01
25 43 31 37 2204.779 5.522  0.01
25 40 30 35 2488.386 5.102  0.01
25 37 29 33 3035.176 4.945  0.01
25 34 28 31 3047.568 3.710  0.01
25 31 27 29 3017.349 1.930  0.01
25 28 26 27 3016.322 0.938  0.01
26 47 33 40 1840.856 5.263  0.01
26 44 32 38 2397.656 6.161  0.01
26 41 31 36 2621.287 5.460  0.01
26 38 30 34 3046.731 5.026  0.01
26 35 29 32 3034.063 3.757  0.01
26 32 28 30 3022.899 2.260  0.01
26 29 27 28 3036.845 0.877  0.01
27 48 34 41 2026.838 5.674  0.01
27 45 33 39 1772.954 4.533  0.01
27 42 32 37 2037.831 4.458  0.01
27 39 31 35 2824.837 4.787  0.01
27 36 30 33 3028.138 3.977  0.01
27 33 29 31 3029.031 2.594  0.01
27 30 28 29 2986.186 0.858  0.01
28 46 34 40 2035.183 4.994  0.01
28 43 33 38 2256.064 4.841  0.01
28 40 32 36 2659.685 4.519  0.01
28 37 31 34 3026.844 3.834  0.01
28 34 30 32 3041.553 2.303  0.01
28 31 29 30 3001.085 0.920  0.01
29 47 35 41 2149.100 4.902  0.01
29 44 34 39 2732.727 5.679  0.01
29 41 33 37 2988.239 5.083  0.01
29 38 32 35 3040.059 3.972  0.01
29 35 31 33 3037.732 2.246  0.01
29 32 30 31 3054.021 0.901  0.01
30 48 36 42 1927.443 4.292  0.01
30 45 35 40 1780.478 3.611  0.01
30 42 34 38 2127.788 3.564  0.01
30 39 33 36 3006.238 3.705  0.01
30 36 32 34 3032.938 2.556  0.01
30 33 31 32 2987.966 0.726  0.01
31 46 36 41 2872.171 5.412  0.01
31 43 35 39 3015.047 4.835  0.01
31 40 34 37 3017.285 3.562  0.01
31 37 33 35 3019.491 2.437  0.01
31 34 32 33 3065.544 0.968  0.01
32 47 37 42 2678.234 4.587  0.01
32 44 36 40 3019.284 4.644  0.01
32 41 35 38 3030.462 3.483  0.01
32 38 34 36 3022.594 2.201  0.01
32 35 33 34 2998.930 0.801  0.01
33 48 38 43 3030.703 5.031  0.01
33 45 37 41 3012.409 4.411  0.01
33 42 36 39 3033.170 3.517  0.01
33 39 35 37 3009.557 2.170  0.01
33 36 34 35 3022.880 1.016  0.01
34 46 38 42 3038.304 4.191  0.01
34 43 37 40 3009.897 3.433  0.01
34 40 36 38 3032.999 2.203  0.01
34 37 35 36 2992.890 0.920  0.01
35 47 39 43 3050.069 3.931  0.01
35 44 38 41 3018.967 3.270  0.01
35 41 37 39 3017.555 2.232  0.01
35 38 36 37 3015.963 1.068  0.01
36 48 40 44 3035.243 3.796  0.01
36 45 39 42 3016.999 3.106  0.01
36 42 38 40 3018.827 2.189  0.01
36 39 37 38 3051.516 1.063  0.01
37 46 40 43 3051.201 2.933  0.01
37 43 39 41 2991.180 2.065  0.01
37 40 38 39 2968.396 0.882  0.01
38 47 41 44 3066.317 3.015  0.01
38 44 40 42 3024.892 2.000  0.01
38 41 39 40 3056.983 1.092  0.01
39 48 42 45 3005.361 2.988  0.01
39 45 41 43 3029.880 2.189  0.01
39 42 40 41 2990.353 0.873  0.01
40 46 42 44 3091.221 2.268  0.01
40 43 41 42 3066.419 1.049  0.01
41 47 43 45 3108.434 2.198  0.01
41 44 42 43 3050.302 1.078  0.01
42 48 44 46 3104.931 2.346  0.01
42 45 43 44 2984.275 1.163  0.01
43 46 44 45 3007.539 1.130  0.01
44 47 45 46 2975.304 1.273  0.01
45 48 46 47 2932.745 1.392  0.01
25 70 40 55 278.661 4.238  0.01
25 67 39 53 425.489 5.283  0.01
25 64 38 51 493.283 4.559  0.01
25 61 37 49 667.669 4.748  0.01
25 58 36 47 823.474 4.525  0.01
25 55 35 45 1539.030 6.421  0.01
25 52 34 43 2269.501 8.014  0.01
25 49 33 41 2531.505 8.157  0.01
26 71 41 56 248.232 3.880  0.01
26 68 40 54 383.483 4.795  0.01
26 65 39 52 520.040 5.139  0.01
26 62 38 50 689.536 5.145  0.01
26 59 37 48 927.746 5.091  0.01
26 56 36 46 1316.747 5.646  0.01
26 53 35 44 2189.342 7.470  0.01
26 50 34 42 2685.136 8.235  0.01
27 72 42 57 317.202 5.183  0.01
27 69 41 55 374.436 4.859  0.01
27 66 40 53 434.698 4.601  0.01
27 63 39 51 606.563 4.725  0.01
27 60 38 49 1081.332 6.299  0.01
27 57 37 47 1189.504 5.336  0.01
27 54 36 45 1924.824 6.725  0.01
27 51 35 43 2832.100 8.458  0.01
28 70 42 56 336.219 4.435  0.01
28 67 41 54 528.009 5.606  0.01
28 64 40 52 610.795 4.881  0.01
28 61 39 50 870.042 5.430  0.01
28 58 38 48 1028.022 4.768  0.01
28 55 37 46 1938.595 6.836  0.01
28 52 36 44 2976.671 8.672  0.01
28 49 35 42 3013.289 7.898  0.01
29 71 43 57 301.155 4.052  0.01
29 68 42 55 449.754 4.897  0.01
29 65 41 53 604.039 5.212  0.01
29 62 40 51 845.186 5.333  0.01
29 59 39 49 1091.839 5.215  0.01
29 56 38 47 1574.103 5.789  0.01
29 53 37 45 2713.399 7.676  0.01
29 50 36 43 3031.206 7.491  0.01
30 72 44 58 328.710 4.532  0.01
30 69 43 56 391.579 4.290  0.01
30 66 42 54 461.776 4.085  0.01
30 63 41 52 628.396 4.214  0.01
30 60 40 50 1088.844 5.476  0.01
30 57 39 48 1245.631 4.649  0.01
30 54 38 46 1933.483 5.655  0.01
30 51 37 44 2785.380 6.814  0.01
31 70 44 57 347.491 3.810  0.01
31 67 43 55 526.273 4.652  0.01
31 64 42 53 620.548 4.176  0.01
31 61 41 51 897.721 4.640  0.01
31 58 40 49 1036.322 4.082  0.01
31 55 39 47 1838.821 5.441  0.01
31 52 38 45 2768.366 6.539  0.01
31 49 37 43 3032.747 6.247  0.01
32 71 45 58 342.103 3.638  0.01
32 68 44 56 483.237 4.176  0.01
32 65 43 54 654.022 4.390  0.01
32 62 42 52 877.862 4.511  0.01
32 59 41 50 1104.214 4.409  0.01
32 56 40 48 1643.957 4.811  0.01
32 53 39 46 2661.484 6.026  0.01
32 50 38 44 3030.586 5.824  0.01
33 72 46 59 471.078 5.029  0.01
33 69 45 57 552.872 4.727  0.01
33 66 44 55 643.442 4.474  0.01
33 63 43 53 872.668 4.656  0.01
33 60 42 51 1566.222 6.216  0.01
33 57 41 49 1675.002 5.174  0.01
33 54 40 47 2720.479 6.409  0.01
33 51 39 45 3036.788 5.754  0.01
34 70 46 58 542.626 4.533  0.01
34 67 45 56 846.356 5.790  0.01
34 64 44 54 993.444 5.093  0.01
34 61 43 52 1410.261 5.808  0.01
34 58 42 50 1519.149 4.935  0.01
34 55 41 48 2960.939 7.003  0.01
34 52 40 46 3044.331 5.689  0.01
34 49 39 44 3033.933 4.787  0.01
35 71 47 59 524.156 4.304  0.01
35 68 46 57 744.284 4.991  0.01
35 65 45 55 996.627 5.296  0.01
35 62 44 53 1334.193 5.498  0.01
35 59 43 51 1689.641 5.334  0.01
35 56 42 49 2414.126 5.929  0.01
35 53 41 47 3039.706 5.751  0.01
35 50 40 45 3035.071 4.563  0.01
36 72 48 60 686.106 5.527  0.01
36 69 47 58 816.433 5.163  0.01
36 66 46 56 933.010 4.864  0.01
36 63 45 54 1275.364 5.093  0.01
36 60 44 52 2243.396 6.998  0.01
36 57 43 50 2263.159 5.693  0.01
36 54 42 48 3019.895 5.665  0.01
36 51 41 46 3034.566 4.633  0.01
37 70 48 59 752.362 4.708  0.01
37 67 47 57 1218.757 6.086  0.01
37 64 46 55 1390.403 5.337  0.01
37 61 45 53 1930.237 6.116  0.01
37 58 44 51 2080.098 5.158  0.01
37 55 43 49 3028.485 5.808  0.01
37 52 42 47 3025.147 4.611  0.01
37 49 41 45 2999.896 3.681  0.01
38 71 49 60 693.701 4.152  0.01
38 68 48 58 969.790 4.745  0.01
38 65 47 56 1304.623 5.012  0.01
38 62 46 54 1755.349 5.210  0.01
38 59 45 52 2077.568 5.058  0.01
38 56 44 50 2816.231 5.587  0.01
38 53 43 48 3026.615 4.482  0.01
38 50 42 46 3029.781 3.656  0.01
39 72 50 61 880.087 5.035  0.01
39 69 49 59 999.825 4.740  0.01
39 66 48 57 1153.239 4.487  0.01
39 63 47 55 1578.029 4.683  0.01
39 60 46 53 2616.922 6.237  0.01
39 57 45 51 2683.454 5.180  0.01
39 54 44 49 3022.139 4.683  0.01
39 51 43 47 3013.442 3.799  0.01
40 70 50 60 925.371 4.258  0.01
40 67 49 58 1438.401 5.360  0.01
40 64 48 56 1645.028 4.775  0.01
40 61 47 54 2342.496 5.388  0.01
40 58 46 52 2396.652 4.630  0.01
40 55 45 50 3031.829 4.849  0.01
40 52 44 48 3033.590 3.738  0.01
40 49 43 46 3005.326 3.018  0.01
41 71 51 61 885.450 3.975  0.01
41 68 50 59 1232.432 4.495  0.01
41 65 49 57 1639.922 4.727  0.01
41 62 48 55 2160.604 4.919  0.01
41 59 47 53 2585.416 4.781  0.01
41 56 46 51 3022.203 4.557  0.01
41 53 45 49 3027.108 3.773  0.01
41 50 44 47 3029.053 3.042  0.01
42 72 52 62 1065.663 4.698  0.01
42 69 51 60 1234.162 4.439  0.01
42 66 50 58 1498.753 4.231  0.01
42 63 49 56 1986.523 4.396  0.01
42 60 48 54 3029.054 5.283  0.01
42 57 47 52 3019.266 4.423  0.01
42 54 46 50 3028.999 3.831  0.01
42 51 45 48 3021.914 3.033  0.01
43 70 52 61 1315.688 4.546  0.01
43 67 51 59 2056.040 5.827  0.01
43 64 50 57 2464.534 5.147  0.01
43 61 49 55 3029.200 5.198  0.01
43 58 48 53 3027.814 4.478  0.01
43 55 47 51 3009.369 3.475  0.01
43 52 46 49 3048.226 3.023  0.01
43 49 45 47 3002.265 2.406  0.01
44 71 53 62 1324.065 4.490  0.01
44 68 52 60 1835.620 5.148  0.01
44 65 51 58 2534.102 5.445  0.01
44 62 50 56 3029.349 4.945  0.01
44 59 49 54 3027.788 3.986  0.01
44 56 48 52 3017.441 3.519  0.01
44 53 47 50 3040.561 2.958  0.01
44 50 46 48 3056.208 2.220  0.01
45 72 54 63 1410.725 4.861  0.01
45 69 53 61 1710.917 4.589  0.01
45 66 52 59 1973.506 4.368  0.01
45 63 51 57 2732.845 4.546  0.01
45 60 50 55 3031.896 3.831  0.01
45 57 49 53 3027.038 3.357  0.01
45 54 48 51 3010.171 2.832  0.01
45 51 47 49 2993.272 2.192  0.01
46 70 54 62 1677.278 4.705  0.01
46 67 53 60 2794.599 6.102  0.01
46 64 52 58 3038.012 4.900  0.01
46 61 51 56 3046.121 3.939  0.01
46 58 50 54 3027.982 3.082  0.01
46 55 49 52 3012.742 2.675  0.01
46 52 48 50 3020.432 2.465  0.01
46 49 47 48 3065.354 1.213  0.01
47 71 55 63 1251.188 3.527  0.01
47 68 54 61 1728.904 3.915  0.01
47 65 53 59 2393.196 4.077  0.01
47 62 52 57 3056.335 3.916  0.01
47 59 51 55 3031.279 3.099  0.01
47 56 50 53 3036.476 2.608  0.01
47 53 49 51 3054.469 2.122  0.01
47 50 48 49 3016.904 1.464  0.01
48 72 56 64 2073.638 6.084  0.01
48 69 55 62 2492.096 5.665  0.01
48 66 54 60 2945.006 5.341  0.01
48 63 53 58 3039.706 3.834  0.01
48 60 52 56 3022.569 2.933  0.01
48 57 51 54 3036.629 2.403  0.01
48 54 50 52 3002.039 1.965  0.01
48 51 49 50 3017.616 1.475  0.01
49 70 56 63 2324.789 5.469  0.01
49 67 55 61 3034.642 5.506  0.01
49 64 54 59 3025.566 4.075  0.01
49 61 53 57 3046.229 2.995  0.01
49 58 52 55 3015.750 2.456  0.01
49 55 51 53 2996.930 2.036  0.01
49 52 50 51 3099.219 1.256  0.01
50 71 57 64 2064.054 5.121  0.01
50 68 56 62 3031.304 5.862  0.01
50 65 55 60 3036.584 4.350  0.01
50 62 54 58 3025.048 3.066  0.01
50 59 53 56 3020.839 2.260  0.01
50 56 52 54 3011.684 1.823  0.01
50 53 51 52 3084.081 1.321  0.01
51 72 58 65 2563.196 6.383  0.01
51 69 57 63 3021.176 5.679  0.01
51 66 56 61 3015.511 4.347  0.01
51 63 55 59 3023.211 3.176  0.01
51 60 54 57 3009.662 2.222  0.01
51 57 53 55 3062.572 1.712  0.01
51 54 52 53 3054.501 1.297  0.01
52 70 58 64 2695.693 5.396  0.01
52 67 57 62 3026.307 4.444  0.01
52 64 56 60 3028.103 3.152  0.01
52 61 55 58 3066.498 2.255  0.01
52 58 54 56 3050.947 1.750  0.01
52 55 53 54 2965.357 0.968  0.01
53 71 59 65 2514.571 4.834  0.01
53 68 58 63 3036.270 4.573  0.01
53 65 57 61 3019.876 3.157  0.01
53 62 56 59 3023.220 2.327  0.01
53 59 55 57 2995.398 1.559  0.01
53 56 54 55 3009.052 1.173  0.01
54 72 60 66 2935.851 5.407  0.01
54 69 59 64 3017.733 4.349  0.01
54 66 58 62 3026.507 3.293  0.01
54 63 57 60 3037.032 2.279  0.01
54 60 56 58 3014.354 1.435  0.01
54 57 55 56 3058.980 0.892  0.01
55 70 60 65 3033.663 4.304  0.01
55 67 59 63 3031.663 3.099  0.01
55 64 58 61 3033.313 2.143  0.01
55 61 57 59 3062.845 1.593  0.01
55 58 56 57 3054.081 1.001  0.01
56 71 61 66 2829.525 4.059  0.01
56 68 60 64 3025.115 3.173  0.01
56 65 59 62 3013.493 2.103  0.01
56 62 58 60 3002.697 1.540  0.01
56 59 57 58 3042.077 0.809  0.01
57 72 62 67 3032.445 4.492  0.01
57 69 61 65 3007.739 3.176  0.01
57 66 60 63 3017.555 2.057  0.01
57 63 59 61 3020.241 1.359  0.01
57 60 58 59 3038.692 0.877  0.01
58 70 62 66 3035.685 3.125  0.01
58 67 61 64 3012.107 2.232  0.01
58 64 60 62 3053.442 1.259  0.01
58 61 59 60 3052.167 0.830  0.01
59 71 63 67 3031.307 3.457  0.01
59 68 62 65 3007.300 2.211  0.01
59 65 61 63 3044.093 1.321  0.01
59 62 60 61 3046.334 0.648  0.01
60 72 64 68 3015.829 3.274  0.01
60 69 63 66 3028.955 2.240  0.01
60 66 62 64 3029.308 1.424  0.01
60 63 61 62 2997.865 0.761  0.01
61 70 64 67 3040.002 2.174  0.01
61 67 63 65 3051.080 1.342  0.01
61 64 62 63 3020.633 0.515  0.01
62 71 65 68 3015.279 2.244  0.01
62 68 64 66 3026.571 1.192  0.01
62 65 63 64 2990.786 0.663  0.01
63 72 66 69 3028.968 2.344  0.01
63 69 65 67 3009.516 1.292  0.01
63 66 64 65 3020.540 0.486  0.01
64 70 66 68 3071.330 1.405  0.01
64 67 65 66 3013.223 0.482  0.01
65 71 67 69 3080.714 1.321  0.01
65 68 66 67 3083.159 0.606  0.01
66 72 68 70 3083.874 1.235  0.01
66 69 67 68 3103.517 0.443  0.01
67 70 68 69 3008.600 0.553  0.01
68 71 69 70 3021.097 0.415  0.01
69 72 70 71 3053.274 0.486  0.01
