191 	 # Number of sensors 
# x z 
0.00 0.00 
1.44 0.42 
2.88 0.84 
4.36 1.07 
5.84 1.31 
7.22 1.90 
8.60 2.48 
9.96 3.13 
11.31 3.78 
12.69 4.38 
14.06 4.98 
15.45 5.55 
16.83 6.12 
18.28 6.48 
19.74 6.84 
21.23 7.08 
22.71 7.32 
24.19 7.60 
25.66 7.87 
26.83 6.94 
28.00 6.00 
29.49 5.84 
30.98 5.68 
32.48 5.71 
33.98 5.73 
35.47 5.93 
36.96 6.13 
38.45 6.02 
39.95 5.90 
41.44 5.71 
42.92 5.52 
44.42 5.48 
45.92 5.45 
47.41 5.58 
48.91 5.71 
50.35 6.11 
51.80 6.51 
53.20 7.06 
54.59 7.61 
55.91 8.34 
57.22 9.06 
58.61 9.61 
60.01 10.16 
61.31 10.90 
62.62 11.64 
64.03 12.16 
65.44 12.67 
66.89 13.05 
68.34 13.44 
69.83 13.58 
71.32 13.72 
72.82 13.79 
74.32 13.85 
75.77 14.23 
77.22 14.62 
78.71 14.79 
80.20 14.96 
81.61 15.49 
83.01 16.02 
84.48 16.30 
85.96 16.58 
87.41 16.93 
88.87 17.28 
90.23 17.90 
91.60 18.52 
92.97 19.13 
94.34 19.75 
95.71 20.37 
97.08 20.98 
98.53 21.38 
99.97 21.77 
101.47 21.78 
102.97 21.79 
104.42 22.18 
105.87 22.58 
107.31 22.98 
108.76 23.37 
110.18 23.87 
111.59 24.37 
113.05 24.71 
114.51 25.06 
115.88 25.68 
117.24 26.30 
118.66 26.76 
120.09 27.22 
121.59 27.38 
123.08 27.54 
124.57 27.62 
126.07 27.69 
127.56 27.83 
129.06 27.96 
130.56 28.09 
132.05 28.23 
133.53 28.50 
135.00 28.76 
136.43 29.23 
137.85 29.71 
139.22 30.32 
140.59 30.92 
141.99 31.48 
143.38 32.03 
144.79 32.53 
146.20 33.04 
147.63 33.50 
149.06 33.97 
150.51 34.35 
151.96 34.73 
153.44 34.99 
154.91 35.25 
156.39 35.50 
157.87 35.74 
159.34 36.03 
160.81 36.33 
162.31 36.36 
163.81 36.40 
165.30 36.62 
166.78 36.84 
168.26 37.09 
169.74 37.33 
171.23 37.55 
172.71 37.78 
174.20 37.91 
175.70 38.03 
177.17 38.32 
178.64 38.61 
180.12 38.88 
181.59 39.15 
183.01 39.64 
184.43 40.13 
185.37 41.30 
186.30 42.47 
187.62 43.20 
188.93 43.92 
190.31 44.50 
191.69 45.08 
193.11 45.57 
194.53 46.06 
195.83 46.81 
197.13 47.56 
198.51 48.15 
199.89 48.74 
201.26 49.35 
202.63 49.96 
204.08 50.33 
205.54 50.69 
207.02 50.94 
208.50 51.18 
209.97 51.47 
211.44 51.76 
212.93 51.94 
214.42 52.12 
215.91 52.26 
217.41 52.40 
218.87 52.74 
220.33 53.08 
221.83 53.13 
223.33 53.18 
224.81 53.36 
226.30 53.55 
227.78 53.82 
229.25 54.09 
230.63 54.68 
232.01 55.27 
233.48 55.57 
234.95 55.87 
236.40 56.25 
237.85 56.63 
239.33 56.88 
240.81 57.12 
242.31 57.15 
243.81 57.18 
245.31 57.28 
246.81 57.38 
248.30 57.25 
249.79 57.11 
251.28 56.95 
252.78 56.78 
254.25 56.52 
255.73 56.25 
257.23 56.17 
258.73 56.10 
260.23 56.03 
261.72 55.96 
263.22 56.01 
264.72 56.06 
266.22 56.11 
267.72 56.16 
269.21 56.33 
270.70 56.51 
272.20 56.53 
273.70 56.55 
332 	 # Number of measurements 
# s g t err
50 50 0.00000 0.01 
50 51 0.00442 0.01 
50 53 0.01382 0.01 
50 55 0.01910 0.01 
50 57 0.02409 0.01 
50 59 0.03072 0.01 
50 61 0.03590 0.01 
50 63 0.03302 0.01 
50 65 0.03196 0.01 
50 67 0.03206 0.01 
50 69 0.03292 0.01 
50 71 0.03196 0.01 
50 73 0.03120 0.01 
50 75 0.03206 0.01 
50 77 0.03422 0.01 
50 79 0.03599 0.01 
50 81 0.03735 0.01 
50 87 0.03517 0.01 
50 89 0.03544 0.01 
50 91 0.03694 0.01 
50 93 0.03790 0.01 
50 95 0.03899 0.01 
50 97 0.04062 0.01 
52 51 0.00552 0.01 
52 52 0.00000 0.01 
52 53 0.00507 0.01 
52 55 0.01192 0.01 
52 57 0.01744 0.01 
52 59 0.02445 0.01 
52 61 0.02981 0.01 
52 63 0.03130 0.01 
52 65 0.03130 0.01 
52 67 0.03249 0.01 
52 69 0.03339 0.01 
52 71 0.03160 0.01 
52 73 0.03130 0.01 
52 75 0.03235 0.01 
52 77 0.03384 0.01 
52 79 0.03548 0.01 
52 81 0.03726 0.01 
52 87 0.03592 0.01 
52 89 0.03503 0.01 
52 91 0.03741 0.01 
52 93 0.03667 0.01 
52 95 0.04039 0.01 
52 97 0.04203 0.01 
58 51 0.02518 0.01 
58 53 0.01764 0.01 
58 55 0.01112 0.01 
58 57 0.00383 0.01 
58 58 0.00000 0.01 
58 59 0.00575 0.01 
58 61 0.01355 0.01 
58 63 0.01994 0.01 
58 65 0.02621 0.01 
58 67 0.02659 0.01 
58 69 0.02736 0.01 
58 71 0.02595 0.01 
58 73 0.02557 0.01 
58 75 0.02672 0.01 
58 77 0.02863 0.01 
58 79 0.02927 0.01 
58 81 0.03247 0.01 
58 87 0.03093 0.01 
58 89 0.03081 0.01 
58 91 0.03145 0.01 
58 93 0.03183 0.01 
64 51 0.03360 0.01 
64 53 0.03213 0.01 
64 55 0.03017 0.01 
64 57 0.02600 0.01 
64 59 0.02109 0.01 
64 61 0.01447 0.01 
64 63 0.00662 0.01 
64 64 0.00000 0.01 
64 65 0.00736 0.01 
64 67 0.01545 0.01 
64 69 0.02355 0.01 
64 71 0.02134 0.01 
64 73 0.02208 0.01 
64 75 0.02281 0.01 
64 77 0.02477 0.01 
64 79 0.02723 0.01 
64 87 0.02698 0.01 
64 89 0.02649 0.01 
64 91 0.02796 0.01 
64 93 0.02870 0.01 
64 95 0.03042 0.01 
64 97 0.03385 0.01 
70 51 0.03189 0.01 
70 53 0.03066 0.01 
70 57 0.02575 0.01 
70 59 0.02379 0.01 
70 67 0.01791 0.01 
70 69 0.00662 0.01 
70 70 0.00000 0.01 
70 71 0.00589 0.01 
70 73 0.01766 0.01 
70 77 0.01864 0.01 
70 79 0.02060 0.01 
70 87 0.02060 0.01 
70 89 0.02011 0.01 
70 91 0.02257 0.01 
70 93 0.02330 0.01 
70 95 0.02477 0.01 
70 97 0.02796 0.01 
76 51 0.03360 0.01 
76 53 0.03213 0.01 
76 55 0.02894 0.01 
76 57 0.02723 0.01 
76 59 0.02723 0.01 
76 61 0.02526 0.01 
76 63 0.02428 0.01 
76 65 0.02257 0.01 
76 67 0.02109 0.01 
76 75 0.00687 0.01 
76 76 0.00000 0.01 
76 77 0.00466 0.01 
76 79 0.01202 0.01 
76 81 0.01938 0.01 
76 83 0.02649 0.01 
82 51 0.03802 0.01 
82 53 0.03658 0.01 
82 55 0.03351 0.01 
82 57 0.03091 0.01 
82 59 0.03115 0.01 
82 61 0.02894 0.01 
82 63 0.02772 0.01 
82 69 0.02439 0.01 
82 75 0.02041 0.01 
82 77 0.01962 0.01 
82 79 0.01349 0.01 
82 81 0.00515 0.01 
82 82 0.00000 0.01 
82 83 0.00540 0.01 
82 85 0.01325 0.01 
82 87 0.01499 0.01 
82 89 0.01675 0.01 
82 91 0.01947 0.01 
82 93 0.01887 0.01 
82 95 0.02098 0.01 
82 97 0.02325 0.01 
82 99 0.02475 0.01 
82 101 0.02642 0.01 
82 103 0.02732 0.01 
82 105 0.02943 0.01 
82 107 0.03004 0.01 
82 109 0.03185 0.01 
82 111 0.03140 0.01 
82 113 0.03155 0.01 
82 115 0.02943 0.01 
82 117 0.03034 0.01 
82 119 0.03245 0.01 
82 121 0.03291 0.01 
82 123 0.03155 0.01 
82 125 0.03230 0.01 
82 127 0.03291 0.01 
82 129 0.03532 0.01 
82 131 0.03743 0.01 
82 133 0.03683 0.01 
88 51 0.03238 0.01 
88 53 0.03213 0.01 
88 55 0.02894 0.01 
88 57 0.02772 0.01 
88 59 0.02723 0.01 
88 61 0.02526 0.01 
88 63 0.02330 0.01 
88 65 0.02257 0.01 
88 69 0.02060 0.01 
88 71 0.01815 0.01 
88 87 0.00513 0.01 
88 88 0.00000 0.01 
88 89 0.00498 0.01 
88 91 0.01011 0.01 
88 93 0.01072 0.01 
88 95 0.01358 0.01 
88 97 0.01584 0.01 
88 103 0.01992 0.01 
88 105 0.02128 0.01 
88 107 0.02158 0.01 
88 109 0.02415 0.01 
88 117 0.02264 0.01 
88 119 0.02370 0.01 
88 121 0.02521 0.01 
88 123 0.02460 0.01 
88 125 0.02460 0.01 
88 127 0.02566 0.01 
94 51 0.03900 0.01 
94 53 0.03777 0.01 
94 55 0.03557 0.01 
94 57 0.03262 0.01 
94 59 0.03262 0.01 
94 61 0.03115 0.01 
94 63 0.02943 0.01 
94 65 0.02847 0.01 
94 67 0.02786 0.01 
94 69 0.02695 0.01 
94 71 0.02382 0.01 
94 73 0.02180 0.01 
94 75 0.02180 0.01 
94 81 0.02150 0.01 
94 83 0.01837 0.01 
94 85 0.01635 0.01 
94 87 0.01504 0.01 
94 91 0.01262 0.01 
94 93 0.00558 0.01 
94 94 0.00000 0.01 
94 95 0.00589 0.01 
94 97 0.01328 0.01 
94 99 0.01917 0.01 
94 101 0.01902 0.01 
94 103 0.01992 0.01 
94 109 0.02475 0.01 
94 111 0.02445 0.01 
94 123 0.02370 0.01 
94 125 0.02506 0.01 
94 127 0.02566 0.01 
94 129 0.02898 0.01 
100 51 0.04464 0.01 
100 53 0.04145 0.01 
100 57 0.03802 0.01 
100 59 0.03728 0.01 
100 61 0.03577 0.01 
100 63 0.03438 0.01 
100 65 0.03375 0.01 
100 67 0.03212 0.01 
100 69 0.03123 0.01 
100 71 0.02985 0.01 
100 81 0.02683 0.01 
100 85 0.02141 0.01 
100 87 0.02023 0.01 
100 91 0.01992 0.01 
100 93 0.01751 0.01 
100 95 0.01766 0.01 
100 97 0.01234 0.01 
100 99 0.00513 0.01 
100 100 0.00000 0.01 
100 101 0.00513 0.01 
100 103 0.01177 0.01 
100 105 0.01796 0.01 
100 107 0.02445 0.01 
100 109 0.02385 0.01 
100 111 0.02415 0.01 
100 113 0.02430 0.01 
100 119 0.02355 0.01 
100 121 0.02536 0.01 
100 123 0.02370 0.01 
100 125 0.02460 0.01 
100 127 0.02475 0.01 
100 129 0.02747 0.01 
100 131 0.02913 0.01 
100 133 0.02928 0.01 
106 87 0.02370 0.01 
106 91 0.02309 0.01 
106 93 0.02158 0.01 
106 99 0.02445 0.01 
106 101 0.01917 0.01 
106 103 0.01358 0.01 
106 105 0.00483 0.01 
106 106 0.00000 0.01 
106 107 0.00453 0.01 
106 109 0.01223 0.01 
106 111 0.02113 0.01 
106 115 0.02053 0.01 
106 117 0.02204 0.01 
106 119 0.02340 0.01 
106 125 0.02294 0.01 
106 127 0.02400 0.01 
106 129 0.02611 0.01 
112 87 0.02642 0.01 
112 89 0.02536 0.01 
112 91 0.02611 0.01 
112 93 0.02400 0.01 
112 97 0.02370 0.01 
112 101 0.02325 0.01 
112 103 0.02415 0.01 
112 107 0.02038 0.01 
112 109 0.01494 0.01 
112 111 0.00468 0.01 
112 112 0.00000 0.01 
112 113 0.00468 0.01 
112 115 0.01494 0.01 
112 117 0.01691 0.01 
112 119 0.01887 0.01 
112 121 0.01992 0.01 
112 123 0.01932 0.01 
112 125 0.02038 0.01 
112 127 0.02143 0.01 
112 129 0.02355 0.01 
112 131 0.02581 0.01 
112 133 0.02506 0.01 
118 87 0.02506 0.01 
118 89 0.02430 0.01 
118 91 0.02400 0.01 
118 93 0.02294 0.01 
118 95 0.02325 0.01 
118 97 0.02370 0.01 
118 99 0.02385 0.01 
118 103 0.02294 0.01 
118 105 0.02158 0.01 
118 107 0.02158 0.01 
118 109 0.02113 0.01 
118 111 0.01857 0.01 
118 115 0.01343 0.01 
118 117 0.00408 0.01 
118 118 0.00000 0.01 
118 119 0.00483 0.01 
118 121 0.01192 0.01 
118 125 0.01419 0.01 
118 131 0.01932 0.01 
118 133 0.01857 0.01 
124 87 0.02642 0.01 
124 89 0.02536 0.01 
124 91 0.02657 0.01 
124 93 0.02521 0.01 
124 97 0.02566 0.01 
124 99 0.02611 0.01 
124 101 0.02475 0.01 
124 103 0.02415 0.01 
124 105 0.02445 0.01 
124 107 0.02355 0.01 
124 109 0.02309 0.01 
124 111 0.02098 0.01 
124 113 0.01811 0.01 
124 119 0.01857 0.01 
124 121 0.01011 0.01 
124 123 0.00438 0.01 
124 124 0.00000 0.01 
124 125 0.00558 0.01 
124 127 0.01298 0.01 
124 131 0.01509 0.01 
124 133 0.01479 0.01 
