96 	 # Number of sensors 
# x z 
0.00 0.00 
2.88 0.84 
5.84 1.31 
8.60 2.48 
11.31 3.78 
14.06 4.98 
16.83 6.12 
19.74 6.84 
22.71 7.32 
25.66 7.87 
28.00 6.00 
30.98 5.68 
33.98 5.73 
36.96 6.13 
39.95 5.90 
42.92 5.52 
45.92 5.45 
48.91 5.71 
51.80 6.51 
54.59 7.61 
57.22 9.06 
60.01 10.16 
62.62 11.64 
65.44 12.67 
68.34 13.44 
71.32 13.72 
74.32 13.85 
77.22 14.62 
80.20 14.96 
83.01 16.02 
85.96 16.58 
88.87 17.28 
91.60 18.52 
94.34 19.75 
97.08 20.98 
99.97 21.77 
102.97 21.79 
105.87 22.58 
108.76 23.37 
111.59 24.37 
114.51 25.06 
117.24 26.30 
120.09 27.22 
123.08 27.54 
126.07 27.69 
129.06 27.96 
132.05 28.23 
135.00 28.76 
137.85 29.71 
140.59 30.92 
143.38 32.03 
146.20 33.04 
149.06 33.97 
151.96 34.73 
154.91 35.25 
157.87 35.74 
160.81 36.33 
163.81 36.40 
166.78 36.84 
169.74 37.33 
172.71 37.78 
175.70 38.03 
178.64 38.61 
181.59 39.15 
184.43 40.13 
186.30 42.47 
188.93 43.92 
191.69 45.08 
194.53 46.06 
197.13 47.56 
199.89 48.74 
202.63 49.96 
205.54 50.69 
208.50 51.18 
211.44 51.76 
214.42 52.12 
217.41 52.40 
220.33 53.08 
223.33 53.18 
226.30 53.55 
229.25 54.09 
232.01 55.27 
234.95 55.87 
237.85 56.63 
240.81 57.12 
243.81 57.18 
246.81 57.38 
249.79 57.11 
252.78 56.78 
255.73 56.25 
258.73 56.10 
261.72 55.96 
264.72 56.06 
267.72 56.16 
270.70 56.51 
273.70 56.55 
912 	 # Number of measurements 
# a b m n u i err
1 46 16 31 131.782 4.277  0.01
1 43 15 29 118.421 3.354  0.01
1 40 14 27 129.417 3.228  0.01
1 37 13 25 143.191 3.195  0.01
1 34 12 23 236.130 4.330  0.01
1 31 11 21 370.748 6.140  0.01
1 28 10 19 287.419 4.053  0.01
1 25 9 17 445.983 6.035  0.01
1 22 8 15 494.395 5.517  0.01
1 19 7 13 361.946 4.517  0.01
1 16 6 11 272.348 4.506  0.01
1 13 5 9 491.375 4.056  0.01
1 10 4 7 1829.119 4.706  0.01
1 7 3 5 2988.904 2.227  0.01
1 4 2 3 3053.595 0.610  0.01
2 47 17 32 74.221 2.666  0.01
2 44 16 30 188.796 5.479  0.01
2 41 15 28 137.326 3.556  0.01
2 38 14 26 142.896 3.351  0.01
2 35 13 24 170.924 3.470  0.01
2 32 12 22 400.032 6.561  0.01
2 29 11 20 308.254 4.123  0.01
2 26 10 18 393.900 4.597  0.01
2 23 9 16 456.208 5.156  0.01
2 20 8 14 610.359 5.759  0.01
2 17 7 12 310.066 4.568  0.01
2 14 6 10 166.629 2.313  0.01
2 11 5 8 650.448 3.107  0.01
2 8 4 6 3010.460 4.012  0.01
2 5 3 4 3005.682 0.825  0.01
3 48 18 33 104.224 4.074  0.01
3 45 17 31 113.424 3.497  0.01
3 42 16 29 141.999 3.417  0.01
3 39 15 27 148.303 3.443  0.01
3 36 14 25 226.543 4.614  0.01
3 33 13 23 296.431 5.124  0.01
3 30 12 21 401.021 5.387  0.01
3 27 11 19 353.029 3.775  0.01
3 24 10 17 424.739 4.396  0.01
3 21 9 15 584.410 4.431  0.01
3 18 8 13 450.180 4.621  0.01
3 15 7 11 163.953 2.543  0.01
3 12 6 9 459.475 3.622  0.01
3 9 5 7 1655.633 5.471  0.01
3 6 4 5 2997.941 0.890  0.01
4 46 18 32 135.797 4.133  0.01
4 43 17 30 136.875 3.204  0.01
4 40 16 28 143.503 3.122  0.01
4 37 15 26 148.239 3.080  0.01
4 34 14 24 225.598 4.101  0.01
4 31 13 22 374.273 5.671  0.01
4 28 12 20 370.249 3.880  0.01
4 25 11 18 614.800 5.593  0.01
4 22 10 16 666.477 5.148  0.01
4 19 9 14 669.722 4.272  0.01
4 16 8 12 336.269 4.261  0.01
4 13 7 10 288.773 3.896  0.01
4 10 6 8 883.514 4.447  0.01
4 7 5 6 2978.871 1.826  0.01
5 47 19 33 69.704 2.017  0.01
5 44 18 31 148.096 3.255  0.01
5 41 17 29 136.964 2.454  0.01
5 38 16 27 144.129 2.351  0.01
5 35 15 25 161.702 2.416  0.01
5 32 14 23 289.240 3.572  0.01
5 29 13 21 301.133 2.705  0.01
5 26 12 19 453.435 2.902  0.01
5 23 11 17 526.753 3.146  0.01
5 20 10 15 784.647 3.328  0.01
5 17 9 13 485.917 2.885  0.01
5 14 8 11 167.933 1.809  0.01
5 11 7 9 628.501 2.241  0.01
5 8 6 7 2965.145 1.636  0.01
6 48 20 34 124.413 3.748  0.01
6 45 19 32 140.944 3.284  0.01
6 42 18 30 195.799 3.176  0.01
6 39 17 28 207.946 3.200  0.01
6 36 16 26 307.348 4.185  0.01
6 33 15 24 391.640 4.592  0.01
6 30 14 22 514.019 4.803  0.01
6 27 13 20 521.391 3.498  0.01
6 24 12 18 777.570 4.009  0.01
6 21 11 16 1010.658 4.037  0.01
6 18 10 14 1303.043 4.182  0.01
6 15 9 12 380.390 2.416  0.01
6 12 8 10 654.457 3.376  0.01
6 9 7 8 3006.912 1.968  0.01
7 46 20 33 174.822 4.156  0.01
7 43 19 31 186.917 3.188  0.01
7 40 18 29 214.291 3.099  0.01
7 37 17 27 228.739 3.053  0.01
7 34 16 25 345.625 4.039  0.01
7 31 15 23 559.010 5.549  0.01
7 28 14 21 554.941 3.851  0.01
7 25 13 19 1008.055 5.487  0.01
7 22 12 17 1292.822 5.056  0.01
7 19 11 15 1596.076 4.206  0.01
7 16 10 13 1326.379 4.193  0.01
7 13 9 11 870.916 3.867  0.01
7 10 8 9 3007.138 3.371  0.01
8 47 21 34 110.442 2.998  0.01
8 44 20 32 337.926 6.790  0.01
8 41 19 30 280.282 4.015  0.01
8 38 18 28 277.300 3.767  0.01
8 35 17 26 318.499 3.920  0.01
8 32 16 24 800.532 8.165  0.01
8 29 15 22 638.095 4.724  0.01
8 26 14 20 993.034 5.341  0.01
8 23 13 18 1387.462 6.235  0.01
8 20 12 16 2470.813 6.990  0.01
8 17 11 14 3039.131 4.601  0.01
8 14 10 12 764.613 2.546  0.01
8 11 9 10 2220.031 3.463  0.01
9 48 22 35 152.343 4.778  0.01
9 45 21 33 168.054 4.087  0.01
9 42 20 31 258.332 3.891  0.01
9 39 19 29 290.213 3.924  0.01
9 36 18 27 443.984 5.488  0.01
9 33 17 25 586.768 6.208  0.01
9 30 16 23 789.924 6.593  0.01
9 27 15 21 757.251 4.395  0.01
9 24 14 19 1102.939 5.191  0.01
9 21 13 17 1595.844 5.242  0.01
9 18 12 15 3026.040 5.058  0.01
9 15 11 13 1686.455 2.812  0.01
9 12 10 11 3059.381 1.124  0.01
10 46 22 34 154.009 3.791  0.01
10 43 21 32 174.122 2.956  0.01
10 40 20 30 230.942 2.879  0.01
10 37 19 28 232.656 2.832  0.01
10 34 18 26 336.031 3.653  0.01
10 31 17 24 530.253 4.845  0.01
10 28 16 22 590.049 3.514  0.01
10 25 15 20 1018.431 4.802  0.01
10 22 14 18 1336.154 4.471  0.01
10 19 13 16 1626.708 3.794  0.01
10 16 12 14 3073.943 1.101  0.01
10 13 11 12 2971.614 2.052  0.01
11 47 23 35 70.203 1.974  0.01
11 44 22 33 149.168 3.104  0.01
11 41 21 31 177.625 2.367  0.01
11 38 20 29 194.512 2.270  0.01
11 35 19 27 217.791 2.332  0.01
11 32 18 25 362.371 3.359  0.01
11 29 17 23 428.601 2.586  0.01
11 26 16 21 673.801 2.762  0.01
11 23 15 19 870.989 2.985  0.01
11 20 14 17 1343.212 3.147  0.01
11 17 13 15 3050.282 1.855  0.01
11 14 12 13 2960.920 0.718  0.01
12 48 24 36 108.649 3.373  0.01
12 45 23 34 129.519 3.023  0.01
12 42 22 32 211.837 2.902  0.01
12 39 21 30 274.633 2.921  0.01
12 36 20 28 374.680 3.713  0.01
12 33 19 26 492.017 4.025  0.01
12 30 18 24 650.045 4.182  0.01
12 27 17 22 771.832 3.184  0.01
12 24 16 20 1123.844 3.576  0.01
12 21 15 18 1789.599 3.605  0.01
12 18 14 16 2920.510 3.710  0.01
12 15 13 14 3125.899 0.243  0.01
13 46 24 35 160.768 3.413  0.01
13 43 23 33 187.191 2.731  0.01
13 40 22 31 272.875 2.646  0.01
13 37 21 29 311.757 2.610  0.01
13 34 20 27 479.012 3.281  0.01
13 31 19 25 721.253 4.215  0.01
13 28 18 23 876.301 3.181  0.01
13 25 17 21 1605.603 4.187  0.01
13 22 16 19 2497.169 3.934  0.01
13 19 15 17 3010.635 3.014  0.01
13 16 14 15 3108.657 0.324  0.01
14 47 25 36 74.736 1.661  0.01
14 44 24 34 148.227 2.392  0.01
14 41 23 32 190.112 1.926  0.01
14 38 22 30 252.095 1.863  0.01
14 35 21 28 306.054 1.906  0.01
14 32 20 26 507.960 2.537  0.01
14 29 19 24 672.892 2.069  0.01
14 26 18 22 1113.166 2.182  0.01
14 23 17 20 2069.595 2.319  0.01
14 20 16 18 2999.804 0.919  0.01
14 17 15 16 2972.663 0.257  0.01
15 48 26 37 120.046 2.426  0.01
15 45 25 35 132.195 2.244  0.01
15 42 24 33 211.570 2.174  0.01
15 39 23 31 302.264 2.186  0.01
15 36 22 29 468.087 2.594  0.01
15 33 21 27 687.734 2.742  0.01
15 30 20 25 938.366 2.813  0.01
15 27 19 23 1277.367 2.332  0.01
15 24 18 21 2178.209 2.530  0.01
15 21 17 19 3003.587 1.345  0.01
15 18 16 17 2963.809 0.262  0.01
16 46 26 36 224.384 3.667  0.01
16 43 25 34 264.289 2.890  0.01
16 40 24 32 382.421 2.794  0.01
16 37 23 30 526.881 2.748  0.01
16 34 22 28 929.376 3.500  0.01
16 31 21 26 1482.483 4.578  0.01
16 28 20 24 1867.263 3.401  0.01
16 25 19 22 3025.483 3.762  0.01
16 22 18 20 3008.003 2.046  0.01
16 19 17 18 3065.357 0.674  0.01
17 47 27 37 152.410 2.470  0.01
17 44 26 35 358.407 4.493  0.01
17 41 25 33 390.769 3.101  0.01
17 38 24 31 543.061 2.928  0.01
17 35 23 29 840.313 3.042  0.01
17 32 22 27 1780.008 5.015  0.01
17 29 21 25 2028.011 3.479  0.01
17 26 20 23 3023.831 3.231  0.01
17 23 19 21 3046.213 2.015  0.01
17 20 18 19 3068.396 0.849  0.01
18 48 28 38 273.600 4.176  0.01
18 45 27 36 257.728 3.672  0.01
18 42 26 34 444.741 3.475  0.01
18 39 25 32 641.821 3.498  0.01
18 36 24 30 1330.537 4.681  0.01
18 33 23 28 2228.360 5.182  0.01
18 30 22 26 3018.531 5.317  0.01
18 27 21 24 3035.545 3.077  0.01
18 24 20 22 3042.901 1.915  0.01
18 21 19 20 3038.240 0.868  0.01
19 46 28 37 318.487 3.705  0.01
19 43 27 35 344.582 2.913  0.01
19 40 26 33 539.221 2.813  0.01
19 37 25 31 818.671 2.766  0.01
19 34 24 29 1886.159 3.524  0.01
19 31 23 27 2926.037 4.614  0.01
19 28 22 25 3011.264 2.737  0.01
19 25 21 23 3029.756 1.645  0.01
19 22 20 21 3043.416 0.752  0.01
20 47 29 38 251.434 2.817  0.01
20 44 28 36 580.693 5.765  0.01
20 41 27 34 640.330 3.672  0.01
20 38 26 32 966.939 3.428  0.01
20 35 25 30 2003.245 3.591  0.01
20 32 24 28 3013.957 4.352  0.01
20 29 23 26 3003.765 2.699  0.01
20 26 22 24 3034.655 1.507  0.01
20 23 21 22 2986.669 0.777  0.01
21 48 30 39 343.959 4.064  0.01
21 45 29 37 370.945 3.586  0.01
21 42 28 35 572.209 3.400  0.01
21 39 27 33 889.993 3.422  0.01
21 36 26 31 2240.726 4.541  0.01
21 33 25 29 3056.386 3.125  0.01
21 30 24 27 3028.484 2.589  0.01
21 27 23 25 3013.798 1.540  0.01
21 24 22 23 3064.925 0.629  0.01
22 46 30 38 528.095 4.373  0.01
22 43 29 36 504.736 3.311  0.01
22 40 28 34 831.412 3.179  0.01
22 37 27 32 1371.762 3.119  0.01
22 34 26 30 3082.911 2.565  0.01
22 31 25 28 3012.596 2.222  0.01
22 28 24 26 3042.122 1.483  0.01
22 25 23 24 3070.554 0.682  0.01
23 47 31 39 315.037 2.694  0.01
23 44 30 37 753.894 5.260  0.01
23 41 29 35 823.003 3.462  0.01
23 38 28 33 1295.604 3.244  0.01
23 35 27 31 3073.367 3.007  0.01
23 32 26 29 3031.768 1.787  0.01
23 29 25 27 3046.614 1.173  0.01
23 26 24 25 3091.697 0.633  0.01
24 48 32 40 434.358 4.040  0.01
24 45 31 38 528.365 3.572  0.01
24 42 30 36 713.312 3.381  0.01
24 39 29 34 1303.790 3.401  0.01
24 36 28 32 3052.800 3.972  0.01
24 33 27 30 3055.829 1.392  0.01
24 30 26 28 3077.094 1.116  0.01
24 27 25 26 3044.614 0.687  0.01
25 46 32 39 837.661 4.703  0.01
25 43 31 37 863.614 3.495  0.01
25 40 30 35 1180.813 3.347  0.01
25 37 29 33 2273.907 3.279  0.01
25 34 28 31 3044.042 1.307  0.01
25 31 27 29 3029.756 0.930  0.01
25 28 26 27 2977.809 0.520  0.01
26 47 33 40 435.134 2.516  0.01
26 44 32 38 1141.375 4.606  0.01
26 41 31 36 1060.691 3.171  0.01
26 38 30 34 1766.580 2.985  0.01
26 35 29 32 3035.418 1.664  0.01
26 32 28 30 3059.361 0.803  0.01
26 29 27 28 3033.386 0.539  0.01
27 48 34 41 651.358 3.576  0.01
27 45 33 39 873.351 3.204  0.01
27 42 32 37 1363.503 3.052  0.01
27 39 31 35 1880.017 3.064  0.01
27 36 30 33 3028.834 2.408  0.01
27 33 29 31 3041.636 0.668  0.01
27 30 28 29 2976.045 0.463  0.01
28 46 34 40 1103.976 3.524  0.01
28 43 33 38 1608.435 2.799  0.01
28 40 32 36 1827.208 2.707  0.01
28 37 31 34 3006.060 2.359  0.01
28 34 30 32 3035.008 0.758  0.01
28 31 29 30 2987.432 0.372  0.01
29 47 35 41 747.733 2.375  0.01
29 44 34 39 2421.574 4.148  0.01
29 41 33 37 3032.255 2.952  0.01
29 38 32 35 3004.623 2.141  0.01
29 35 31 33 3025.051 0.834  0.01
29 32 30 31 3059.714 0.424  0.01
30 48 36 42 1420.106 4.826  0.01
30 45 35 40 2190.378 4.182  0.01
30 42 34 38 3056.179 2.211  0.01
30 39 33 36 3039.232 1.593  0.01
30 36 32 34 3026.819 0.922  0.01
30 33 31 32 3194.564 0.396  0.01
31 46 36 41 2287.341 4.740  0.01
31 43 35 39 3035.720 2.556  0.01
31 40 34 37 3035.510 1.264  0.01
31 37 33 35 3026.676 0.787  0.01
31 34 32 33 2987.813 0.386  0.01
32 47 37 42 1190.340 2.999  0.01
32 44 36 40 3026.733 4.535  0.01
32 41 35 38 3035.440 1.472  0.01
32 38 34 36 3003.308 0.811  0.01
32 35 33 34 3169.018 0.315  0.01
33 48 38 43 1480.376 4.621  0.01
33 45 37 41 2139.487 4.037  0.01
33 42 36 39 3054.240 1.685  0.01
33 39 35 37 3030.872 0.815  0.01
33 36 34 35 3092.165 0.358  0.01
34 46 38 42 1814.461 3.605  0.01
34 43 37 40 3019.307 2.260  0.01
34 40 36 38 3073.975 0.720  0.01
34 37 35 36 2984.135 0.310  0.01
35 47 39 43 920.571 2.174  0.01
35 44 38 41 2801.106 3.575  0.01
35 41 37 39 3048.706 0.933  0.01
35 38 36 37 2988.160 0.286  0.01
36 48 40 44 1867.816 4.233  0.01
36 45 39 42 2246.489 3.734  0.01
36 42 38 40 3046.639 1.049  0.01
36 39 37 38 3190.056 0.300  0.01
37 46 40 43 2998.447 2.821  0.01
37 43 39 41 3046.302 0.782  0.01
37 40 38 39 3016.748 0.219  0.01
38 47 41 44 2556.815 2.112  0.01
38 44 40 42 3006.534 0.930  0.01
38 41 39 40 3115.393 0.308  0.01
39 48 42 45 3067.531 2.163  0.01
39 45 41 43 3009.945 1.260  0.01
39 42 40 41 3235.216 0.191  0.01
40 46 42 44 3063.891 1.074  0.01
40 43 41 42 2972.672 0.243  0.01
41 47 43 45 3095.134 1.024  0.01
41 44 42 43 3001.820 0.329  0.01
42 48 44 46 2377.740 3.236  0.01
42 45 43 44 3021.348 0.281  0.01
43 46 44 45 2881.787 1.645  0.01
44 47 45 46 969.571 2.823  0.01
45 48 46 47 3199.374 2.122  0.01
25 70 40 55 277.491 5.888  0.01
25 67 39 53 235.596 4.285  0.01
25 64 38 51 382.268 5.476  0.01
25 61 37 49 497.883 6.194  0.01
25 58 36 47 740.138 7.532  0.01
25 55 35 45 935.846 8.443  0.01
25 52 34 43 829.730 7.447  0.01
25 49 33 41 816.563 6.447  0.01
26 71 41 56 204.958 4.185  0.01
26 68 40 54 169.729 3.042  0.01
26 65 39 52 264.181 3.662  0.01
26 62 38 50 307.640 3.920  0.01
26 59 37 48 480.888 4.977  0.01
26 56 36 46 766.651 6.940  0.01
26 53 35 44 796.739 6.453  0.01
26 50 34 42 811.591 5.811  0.01
27 72 42 57 195.777 3.808  0.01
27 69 41 55 180.140 3.217  0.01
27 66 40 53 393.045 5.775  0.01
27 63 39 51 251.112 3.114  0.01
27 60 38 49 430.194 4.668  0.01
27 57 37 47 611.647 5.045  0.01
27 54 36 45 801.358 5.627  0.01
27 51 35 43 765.487 5.082  0.01
28 70 42 56 240.040 4.255  0.01
28 67 41 54 225.446 3.409  0.01
28 64 40 52 358.309 4.079  0.01
28 61 39 50 421.077 4.482  0.01
28 58 38 48 662.395 5.134  0.01
28 55 37 46 764.537 5.536  0.01
28 52 36 44 882.033 5.088  0.01
28 49 35 42 893.118 4.606  0.01
29 71 43 57 227.172 3.845  0.01
29 68 42 55 198.282 2.861  0.01
29 65 41 53 316.392 3.417  0.01
29 62 40 51 376.365 3.621  0.01
29 59 39 49 539.425 4.500  0.01
29 56 38 47 907.394 6.026  0.01
29 53 37 45 1082.047 5.655  0.01
29 50 36 43 1126.594 5.158  0.01
30 72 44 58 318.394 5.069  0.01
30 69 43 56 285.127 4.085  0.01
30 66 42 54 808.555 9.384  0.01
30 63 41 52 421.712 3.924  0.01
30 60 40 50 826.720 6.725  0.01
30 57 39 48 1281.321 7.534  0.01
30 54 38 46 1641.146 8.915  0.01
30 51 37 44 1936.684 7.606  0.01
31 70 44 57 373.491 5.776  0.01
31 67 43 55 363.087 4.358  0.01
31 64 42 53 615.690 5.436  0.01
31 61 41 51 777.198 6.224  0.01
31 58 40 49 1275.529 7.552  0.01
31 55 39 47 1586.256 8.453  0.01
31 52 38 45 1888.358 7.442  0.01
31 49 37 43 1920.742 6.466  0.01
32 71 45 58 375.933 5.678  0.01
32 68 44 56 286.398 3.781  0.01
32 65 43 54 526.865 4.816  0.01
32 62 42 52 663.091 5.210  0.01
32 59 41 50 1041.026 7.238  0.01
32 56 40 48 2503.184 12.182  0.01
32 53 39 46 2338.729 10.748  0.01
32 50 38 44 2727.686 9.090  0.01
33 72 46 59 404.721 4.864  0.01
33 69 45 57 272.287 3.953  0.01
33 66 44 55 776.356 8.720  0.01
33 63 43 53 466.220 3.808  0.01
33 60 42 51 877.147 6.372  0.01
33 57 41 49 1331.262 7.089  0.01
33 54 40 47 1855.765 8.289  0.01
33 51 39 45 2120.175 7.143  0.01
34 70 46 58 316.481 4.190  0.01
34 67 45 56 270.758 3.414  0.01
34 64 44 54 450.183 4.004  0.01
34 61 43 52 612.368 4.435  0.01
34 58 42 50 892.701 5.064  0.01
34 55 41 48 1209.767 5.450  0.01
34 52 40 46 1360.066 5.007  0.01
34 49 39 44 1549.959 4.554  0.01
35 71 47 59 301.886 3.460  0.01
35 68 46 57 218.834 2.651  0.01
35 65 45 55 328.135 3.119  0.01
35 62 44 53 419.544 3.284  0.01
35 59 43 51 621.066 3.982  0.01
35 56 42 49 1083.061 5.110  0.01
35 53 41 47 1191.583 4.838  0.01
35 50 40 45 1664.140 4.473  0.01
36 72 48 60 396.214 4.458  0.01
36 69 47 58 296.740 3.681  0.01
36 66 46 56 724.466 7.494  0.01
36 63 45 54 401.628 3.557  0.01
36 60 44 52 764.530 5.692  0.01
36 57 43 50 1215.819 6.248  0.01
36 54 42 48 1858.454 7.164  0.01
36 51 41 46 1913.866 6.288  0.01
37 70 48 59 296.673 3.184  0.01
37 67 47 57 253.007 2.721  0.01
37 64 46 55 410.399 3.069  0.01
37 61 45 53 465.057 3.330  0.01
37 58 44 51 698.803 3.672  0.01
37 55 43 49 1057.175 3.867  0.01
37 52 42 47 1417.983 3.638  0.01
37 49 41 45 1932.189 3.393  0.01
38 71 49 60 347.846 3.227  0.01
38 68 48 58 242.059 2.511  0.01
38 65 47 56 391.328 2.923  0.01
38 62 46 54 512.175 3.071  0.01
38 59 45 52 634.929 3.672  0.01
38 56 44 50 1132.119 4.606  0.01
38 53 43 48 1950.258 4.382  0.01
38 50 42 46 2837.565 4.085  0.01
39 72 50 61 393.391 3.386  0.01
39 69 49 59 349.723 2.917  0.01
39 66 48 57 541.030 4.896  0.01
39 63 47 55 450.593 2.845  0.01
39 60 46 53 821.315 4.059  0.01
39 57 45 51 992.647 4.331  0.01
39 54 44 49 1588.812 4.756  0.01
39 51 43 47 2941.570 4.352  0.01
40 70 50 60 418.095 3.281  0.01
40 67 49 58 330.570 2.802  0.01
40 64 48 56 447.071 3.155  0.01
40 61 47 54 631.340 3.443  0.01
40 58 46 52 1003.773 3.804  0.01
40 55 45 50 1002.088 4.018  0.01
40 52 44 48 1769.352 3.770  0.01
40 49 43 46 3019.313 3.023  0.01
41 71 51 61 465.197 3.494  0.01
41 68 50 59 399.873 2.673  0.01
41 65 49 57 472.569 3.126  0.01
41 62 48 55 556.181 3.311  0.01
41 59 47 53 931.090 4.021  0.01
41 56 46 51 1661.193 5.161  0.01
41 53 45 49 1689.453 4.884  0.01
41 50 44 47 2599.197 4.516  0.01
42 72 52 62 474.527 3.424  0.01
42 69 51 60 454.710 2.947  0.01
42 66 50 58 753.439 4.959  0.01
42 63 49 56 489.624 2.869  0.01
42 60 48 54 756.237 4.106  0.01
42 57 47 52 1309.130 4.387  0.01
42 54 46 50 1874.702 4.821  0.01
42 51 45 48 2463.107 4.406  0.01
43 70 52 61 527.679 3.541  0.01
43 67 51 59 529.446 3.007  0.01
43 64 50 57 621.158 3.386  0.01
43 61 49 55 754.132 3.737  0.01
43 58 48 53 1068.314 4.166  0.01
43 55 47 51 1473.312 4.420  0.01
43 52 46 49 2411.631 4.125  0.01
43 49 45 47 1780.138 3.823  0.01
44 71 53 62 788.328 4.942  0.01
44 68 52 60 652.588 3.448  0.01
44 65 51 58 877.074 4.203  0.01
44 62 50 56 1039.895 4.582  0.01
44 59 49 54 1526.959 6.061  0.01
44 56 48 52 2704.359 9.066  0.01
44 53 47 50 3034.438 6.676  0.01
44 50 46 48 3063.522 2.556  0.01
45 72 54 63 682.072 3.748  0.01
45 69 53 61 583.408 3.187  0.01
45 66 52 59 1278.632 5.674  0.01
45 63 51 57 704.497 3.098  0.01
45 60 50 55 1234.426 4.590  0.01
45 57 49 53 1735.227 4.940  0.01
45 54 48 51 1901.748 5.503  0.01
45 51 47 49 3034.448 3.457  0.01
46 70 54 62 1483.189 8.483  0.01
46 67 53 60 1231.488 6.011  0.01
46 64 52 58 1689.730 7.586  0.01
46 61 51 56 2387.481 9.756  0.01
46 58 50 54 3017.889 9.135  0.01
46 55 49 52 3018.214 9.076  0.01
46 52 48 50 3003.651 6.709  0.01
46 49 47 48 3121.242 0.820  0.01
47 71 55 63 1120.700 5.775  0.01
47 68 54 61 783.003 3.834  0.01
47 65 53 59 1269.874 4.745  0.01
47 62 52 57 1270.074 5.293  0.01
47 59 51 55 2279.528 7.364  0.01
47 56 50 53 3019.993 7.103  0.01
47 53 49 51 3037.096 5.941  0.01
47 50 48 49 3045.651 2.041  0.01
48 72 56 64 870.236 4.055  0.01
48 69 55 62 724.733 3.405  0.01
48 66 54 60 1673.851 6.388  0.01
48 63 53 58 847.608 3.309  0.01
48 60 52 56 1588.389 5.058  0.01
48 57 51 54 2950.604 5.487  0.01
48 54 50 52 3011.935 3.165  0.01
48 51 49 50 3106.308 0.763  0.01
49 70 56 63 1320.380 5.864  0.01
49 67 55 61 1086.987 4.592  0.01
49 64 54 59 1713.270 5.393  0.01
49 61 53 57 1718.051 6.471  0.01
49 58 52 55 3031.056 6.604  0.01
49 55 51 53 3034.184 3.891  0.01
49 52 50 51 3085.127 1.211  0.01
50 71 57 64 1516.463 6.533  0.01
50 68 56 62 1003.550 4.156  0.01
50 65 55 60 1655.026 5.174  0.01
50 62 54 58 1683.328 5.929  0.01
50 59 53 56 2821.457 8.653  0.01
50 56 52 54 3051.592 4.686  0.01
50 53 51 52 3032.248 1.507  0.01
51 72 58 65 1394.783 5.697  0.01
51 69 57 63 1196.120 4.497  0.01
51 66 56 61 3069.089 10.589  0.01
51 63 55 59 1521.883 4.328  0.01
51 60 54 57 2452.172 7.923  0.01
51 57 53 55 3035.186 4.673  0.01
51 54 52 53 2999.896 1.545  0.01
52 70 58 64 1728.478 6.609  0.01
52 67 57 62 1511.895 5.054  0.01
52 64 56 60 2399.764 5.973  0.01
52 61 55 58 2464.324 7.420  0.01
52 58 54 56 3020.448 5.773  0.01
52 55 53 54 2989.702 2.508  0.01
53 71 59 65 1759.936 7.346  0.01
53 68 58 63 1401.939 4.473  0.01
53 65 57 61 2278.946 5.589  0.01
53 62 56 59 2986.233 6.126  0.01
53 59 55 57 2996.873 7.990  0.01
53 56 54 55 3013.331 2.213  0.01
54 72 60 66 1882.862 6.436  0.01
54 69 59 64 1237.077 4.940  0.01
54 66 58 62 3038.024 8.912  0.01
54 63 57 60 2325.641 4.748  0.01
54 60 56 58 3023.363 6.590  0.01
54 57 55 56 3017.581 3.266  0.01
55 70 60 65 1753.245 7.424  0.01
55 67 59 63 1560.360 5.536  0.01
55 64 58 61 2914.005 6.579  0.01
55 61 57 59 3017.343 3.896  0.01
55 58 56 57 3041.597 3.138  0.01
56 71 61 66 2618.006 8.020  0.01
56 68 60 64 1165.573 4.716  0.01
56 65 59 62 1894.125 5.884  0.01
56 62 58 60 2980.944 4.466  0.01
56 59 57 58 3054.033 2.136  0.01
57 72 62 67 1961.496 5.689  0.01
57 69 61 65 1187.816 4.490  0.01
57 66 60 63 3037.459 11.493  0.01
57 63 59 61 1509.908 4.336  0.01
57 60 58 59 3019.930 1.992  0.01
58 70 62 66 2452.938 6.738  0.01
58 67 61 64 1491.953 5.163  0.01
58 64 60 62 1918.555 6.005  0.01
58 61 59 60 3009.913 1.551  0.01
59 71 63 67 2253.708 5.622  0.01
59 68 62 65 1314.967 3.775  0.01
59 65 61 63 2312.824 4.444  0.01
59 62 60 61 3048.041 1.426  0.01
60 72 64 68 2159.746 5.258  0.01
60 69 63 66 1809.359 4.220  0.01
60 66 62 64 3026.154 6.762  0.01
60 63 61 62 2979.351 1.869  0.01
61 70 64 67 2479.552 5.709  0.01
61 67 63 65 1357.304 4.554  0.01
61 64 62 63 2992.817 1.783  0.01
62 71 65 68 1855.701 4.344  0.01
62 68 64 66 1513.452 3.155  0.01
62 65 63 64 2620.785 3.586  0.01
63 72 66 69 1354.147 3.397  0.01
63 69 65 67 1496.909 2.933  0.01
63 66 64 65 1806.148 4.897  0.01
64 70 66 68 1658.767 4.711  0.01
64 67 65 66 2901.118 3.901  0.01
65 71 67 69 1893.543 3.772  0.01
65 68 66 67 1617.991 2.842  0.01
66 72 68 70 3248.869 5.697  0.01
66 69 67 68 2975.781 2.584  0.01
67 70 68 69 2779.438 1.059  0.01
68 71 69 70 2859.410 1.507  0.01
69 72 70 71 2950.531 1.006  0.01
49 94 64 79 246.443 3.405  0.01
49 91 63 77 398.173 4.811  0.01
49 88 62 75 640.165 6.483  0.01
49 85 61 73 513.958 4.236  0.01
49 82 60 71 570.893 3.670  0.01
49 79 59 69 1770.236 8.079  0.01
49 76 58 67 1509.123 5.973  0.01
49 73 57 65 1342.121 6.091  0.01
50 95 65 80 688.319 9.864  0.01
50 92 64 78 708.769 8.720  0.01
50 89 63 76 1116.710 12.244  0.01
50 86 62 74 765.395 6.703  0.01
50 83 61 72 611.805 4.314  0.01
50 80 60 70 3005.568 14.121  0.01
50 77 59 68 3007.866 13.523  0.01
50 74 58 66 1350.730 4.999  0.01
51 96 66 81 762.798 11.663  0.01
51 93 65 79 402.963 4.938  0.01
51 90 64 77 826.621 9.068  0.01
51 87 63 75 725.217 6.749  0.01
51 84 62 73 702.586 5.169  0.01
51 81 61 71 783.919 4.166  0.01
51 78 60 69 934.164 4.110  0.01
51 75 59 67 1841.406 7.207  0.01
52 94 66 80 243.769 3.691  0.01
52 91 65 78 497.581 5.384  0.01
52 88 64 76 797.540 7.539  0.01
52 85 63 74 597.990 4.676  0.01
52 82 62 72 745.276 4.385  0.01
52 79 61 70 2342.305 9.829  0.01
52 76 60 68 1725.636 6.973  0.01
52 73 59 66 1974.393 7.033  0.01
53 95 67 81 789.679 11.292  0.01
53 92 66 79 740.959 9.801  0.01
53 89 65 77 1566.613 14.488  0.01
53 86 64 75 937.626 7.351  0.01
53 83 63 73 701.874 4.586  0.01
53 80 62 71 3007.822 12.867  0.01
53 77 61 69 3037.872 11.856  0.01
53 74 60 67 1517.369 5.345  0.01
54 96 68 82 1170.447 15.599  0.01
54 93 67 80 390.149 5.569  0.01
54 90 66 78 952.770 11.497  0.01
54 87 65 76 972.886 7.881  0.01
54 84 64 74 855.912 5.843  0.01
54 81 63 72 898.322 4.614  0.01
54 78 62 70 1182.946 4.586  0.01
54 75 61 68 2425.202 8.629  0.01
55 94 68 81 316.392 4.069  0.01
55 91 67 79 474.651 6.220  0.01
55 88 66 77 890.536 9.244  0.01
55 85 65 75 771.187 5.291  0.01
55 82 64 73 925.911 5.172  0.01
55 79 63 71 3009.131 12.444  0.01
55 76 62 69 2513.093 8.496  0.01
55 73 61 67 2741.164 8.512  0.01
56 95 69 82 1104.176 13.774  0.01
56 92 68 80 867.861 11.605  0.01
56 89 67 78 1627.630 18.797  0.01
56 86 66 76 917.618 8.361  0.01
56 83 65 74 835.916 4.970  0.01
56 80 64 72 3022.203 12.843  0.01
56 77 63 70 3028.529 11.196  0.01
56 74 62 68 1839.562 5.857  0.01
57 96 70 83 922.818 10.688  0.01
57 93 69 81 400.560 4.795  0.01
57 90 68 79 688.077 8.569  0.01
57 87 67 77 631.276 6.318  0.01
57 84 66 75 618.755 4.937  0.01
57 81 65 73 846.721 4.034  0.01
57 78 64 71 1037.247 4.034  0.01
57 75 63 69 2161.901 6.797  0.01
58 94 70 82 357.664 3.904  0.01
58 91 69 80 461.624 5.825  0.01
58 88 68 78 805.348 8.365  0.01
58 85 67 76 580.372 5.005  0.01
58 82 66 74 763.891 5.029  0.01
58 79 65 72 2976.322 11.342  0.01
58 76 64 70 2572.872 7.768  0.01
58 73 63 68 2609.264 7.771  0.01
59 95 71 83 958.604 8.744  0.01
59 92 70 81 795.623 7.814  0.01
59 89 69 79 1044.285 10.522  0.01
59 86 68 77 782.409 6.221  0.01
59 83 67 75 610.302 4.139  0.01
59 80 66 73 2950.909 14.011  0.01
59 77 65 71 3026.332 9.216  0.01
59 74 64 69 1964.570 4.716  0.01
60 96 72 84 1257.187 10.589  0.01
60 93 71 82 573.461 4.834  0.01
60 90 70 80 830.995 8.713  0.01
60 87 69 78 746.404 6.402  0.01
60 84 68 76 706.744 5.007  0.01
60 81 67 74 722.823 4.087  0.01
60 78 66 72 926.763 4.106  0.01
60 75 65 70 3003.123 6.874  0.01
61 94 72 83 459.840 3.586  0.01
61 91 71 81 587.366 5.147  0.01
61 88 70 79 736.337 7.011  0.01
61 85 69 77 590.097 4.501  0.01
61 82 68 75 737.996 4.595  0.01
61 79 67 73 1777.792 9.006  0.01
61 76 66 71 1856.359 6.588  0.01
61 73 65 69 3004.124 6.243  0.01
62 95 73 84 793.878 5.921  0.01
62 92 72 82 731.810 5.484  0.01
62 89 71 80 725.477 6.687  0.01
62 86 70 78 568.207 4.663  0.01
62 83 69 76 487.306 3.397  0.01
62 80 68 74 1530.631 7.928  0.01
62 77 67 72 1569.484 7.203  0.01
62 74 66 70 1415.716 3.765  0.01
63 96 74 85 744.394 5.155  0.01
63 93 73 83 511.167 3.276  0.01
63 90 72 81 639.898 4.690  0.01
63 87 71 79 498.493 3.920  0.01
63 84 70 77 482.338 3.347  0.01
63 81 69 75 516.791 2.909  0.01
63 78 68 73 594.169 2.928  0.01
63 75 67 71 1282.701 4.131  0.01
64 94 74 84 524.379 3.298  0.01
64 91 73 82 714.113 4.570  0.01
64 88 72 80 763.933 5.968  0.01
64 85 71 78 584.003 4.053  0.01
64 82 70 76 659.893 4.182  0.01
64 79 69 74 1405.369 7.364  0.01
64 76 68 72 1518.761 5.654  0.01
64 73 67 70 2308.609 5.671  0.01
65 95 75 85 1668.844 10.435  0.01
65 92 74 83 1588.621 9.133  0.01
65 89 73 81 2087.327 13.049  0.01
65 86 72 79 1013.449 7.075  0.01
65 83 71 77 737.901 4.527  0.01
65 80 70 75 3029.368 15.777  0.01
65 77 69 73 3016.192 15.057  0.01
65 74 68 71 1921.731 5.194  0.01
66 96 76 86 2524.950 12.836  0.01
66 93 75 84 1116.316 5.315  0.01
66 90 74 82 2130.249 10.362  0.01
66 87 73 80 1241.607 7.197  0.01
66 84 72 78 1045.487 5.496  0.01
66 81 71 76 960.050 4.417  0.01
66 78 70 74 933.242 4.468  0.01
66 75 69 72 2697.180 8.001  0.01
67 94 76 85 696.222 3.195  0.01
67 91 75 83 980.598 4.373  0.01
67 88 74 81 1193.834 5.624  0.01
67 85 73 79 748.175 3.901  0.01
67 82 72 77 909.899 4.052  0.01
67 79 71 75 1647.021 6.860  0.01
67 76 70 73 1384.054 5.360  0.01
67 73 69 71 2455.246 5.384  0.01
68 95 77 86 898.007 4.190  0.01
68 92 76 84 924.099 3.964  0.01
68 89 75 82 1043.525 4.557  0.01
68 86 74 80 636.719 3.529  0.01
68 83 73 78 577.816 2.756  0.01
68 80 72 76 1290.521 5.104  0.01
68 77 71 74 1139.408 4.805  0.01
68 74 70 72 1703.517 2.990  0.01
69 96 78 87 980.010 4.231  0.01
69 93 77 85 686.831 2.893  0.01
69 90 76 83 996.639 3.934  0.01
69 87 75 81 839.245 3.366  0.01
69 84 74 79 690.875 2.942  0.01
69 81 73 77 813.944 2.607  0.01
69 78 72 75 842.446 2.623  0.01
69 75 71 73 2028.650 3.543  0.01
70 94 78 86 930.839 3.831  0.01
70 91 77 84 1390.987 5.633  0.01
70 88 76 82 2162.953 7.885  0.01
70 85 75 80 1132.360 4.876  0.01
70 82 74 78 1618.668 5.148  0.01
70 79 73 76 3021.526 8.074  0.01
70 76 72 74 2996.092 6.156  0.01
70 73 71 72 3115.686 1.030  0.01
71 95 79 87 1557.010 6.240  0.01
71 92 78 85 1442.190 5.754  0.01
71 89 77 83 1856.849 7.087  0.01
71 86 76 81 1320.114 4.884  0.01
71 83 75 79 905.725 3.533  0.01
71 80 74 77 3019.348 7.499  0.01
71 77 73 75 3019.542 6.347  0.01
71 74 72 73 3031.199 1.173  0.01
72 96 80 88 1513.916 5.775  0.01
72 93 79 86 945.052 3.557  0.01
72 90 78 84 1348.543 5.255  0.01
72 87 77 82 1148.223 4.287  0.01
72 84 76 80 816.369 3.629  0.01
72 81 75 78 1101.868 3.125  0.01
72 78 74 76 1921.069 3.161  0.01
72 75 73 74 3026.707 0.930  0.01
73 94 80 87 973.261 3.548  0.01
73 91 79 85 1378.135 5.039  0.01
73 88 78 83 1895.416 6.752  0.01
73 85 77 81 1133.972 4.425  0.01
73 82 76 79 1262.219 4.678  0.01
73 79 75 77 3007.599 6.032  0.01
73 76 74 75 2987.365 1.292  0.01
74 95 81 88 1146.865 4.826  0.01
74 92 80 86 1343.088 4.528  0.01
74 89 79 84 1650.953 5.320  0.01
74 86 78 82 1169.801 3.977  0.01
74 83 77 80 574.736 3.037  0.01
74 80 76 78 2654.068 6.081  0.01
74 77 75 76 3023.439 2.036  0.01
75 96 82 89 2010.899 9.362  0.01
75 93 81 87 1219.965 4.668  0.01
75 90 80 85 2650.247 8.106  0.01
75 87 79 83 2057.788 6.002  0.01
75 84 78 81 1349.379 4.792  0.01
75 81 77 79 1031.588 3.963  0.01
75 78 76 77 2959.531 4.004  0.01
76 94 82 88 839.025 3.546  0.01
76 91 81 86 1428.464 5.029  0.01
76 88 80 84 2530.481 6.736  0.01
76 85 79 82 1609.577 4.427  0.01
76 82 78 80 872.344 4.708  0.01
76 79 77 78 2991.450 6.938  0.01
77 95 83 89 2541.283 12.401  0.01
77 92 82 87 2843.363 10.597  0.01
77 89 81 85 3015.629 8.211  0.01
77 86 80 83 2987.801 6.955  0.01
77 83 79 81 1837.264 4.935  0.01
77 80 78 79 2987.928 10.672  0.01
78 96 84 90 1025.634 4.919  0.01
78 93 83 88 820.537 3.227  0.01
78 90 82 86 1599.251 4.562  0.01
78 87 81 84 1498.381 3.808  0.01
78 84 80 82 1625.668 3.281  0.01
78 81 79 80 854.863 2.877  0.01
79 94 84 89 934.317 4.174  0.01
79 91 83 87 2013.112 6.379  0.01
79 88 82 85 3013.731 7.094  0.01
79 85 81 83 2301.370 5.434  0.01
79 82 80 81 2905.403 5.061  0.01
80 95 85 90 3077.151 14.099  0.01
80 92 84 88 3013.772 9.335  0.01
80 89 83 86 3018.061 4.938  0.01
80 86 82 84 2998.654 6.348  0.01
80 83 81 82 2940.428 5.207  0.01
81 96 86 91 1220.257 4.841  0.01
81 93 85 89 999.510 3.200  0.01
81 90 84 87 2868.947 4.506  0.01
81 87 83 85 2638.243 3.770  0.01
81 84 82 83 2921.104 3.262  0.01
82 94 86 90 946.740 2.999  0.01
82 91 85 88 2339.361 3.986  0.01
82 88 84 86 3019.679 2.847  0.01
82 85 83 84 2970.949 2.065  0.01
83 95 87 91 1270.271 4.319  0.01
83 92 86 89 1920.300 4.083  0.01
83 89 85 87 3013.658 1.858  0.01
83 86 84 85 2961.559 1.610  0.01
84 96 88 92 1929.544 6.162  0.01
84 93 87 90 1821.283 3.734  0.01
84 90 86 88 3017.505 2.052  0.01
84 87 85 86 3007.707 1.054  0.01
85 94 88 91 1498.629 2.882  0.01
85 91 87 89 3012.151 2.856  0.01
85 88 86 87 2975.594 0.892  0.01
86 95 89 92 3061.122 4.406  0.01
86 92 88 90 3027.531 2.308  0.01
86 89 87 88 3119.456 0.682  0.01
87 96 90 93 3055.744 4.253  0.01
87 93 89 91 3030.649 1.640  0.01
87 90 88 89 3042.176 1.082  0.01
88 94 90 92 3155.034 2.093  0.01
88 91 89 90 3028.211 0.677  0.01
89 95 91 93 3134.019 3.619  0.01
89 92 90 91 3051.211 1.106  0.01
90 96 92 94 3129.615 3.301  0.01
90 93 91 92 2986.815 1.289  0.01
91 94 92 93 2702.963 1.216  0.01
92 95 93 94 2797.895 1.502  0.01
93 96 94 95 2901.817 1.884  0.01
