50
# x z 
-1.9	-1.27
0	-0.98
1.88	-0.69
3.75	-0.34
5.82	0
7.72	-0.02
9.72	-0.1
11.71	-0.17
13.78	-0.54
15.78	-0.47
17.78	-0.35
19.77	-0.19
21.66	-0.34
23.76	-0.33
25.74	-0.63
27.74	-0.71
29.73	-0.55
31.56	-1.07
33.84	-0.75
35.83	-0.91
37.93	-0.94
39.93	-1.01
41.92	-0.84
43.82	-0.93
45.82	-1.05
47.92	-1.03
49.97	-1.49
51.87	-1.49
53.96	-1.39
56.36	-1.49
57.93	-1.19
59.86	-1.73
61.96	-1.63
64.05	-1.84
66.03	-2.08
68.13	-2.25
69.71	-2.45
71.91	-2.5
74.2	-2.7
76.1	-2.67
78.2	-2.71
80.29	-2.5
82.47	-2.79
84.07	-2.86
85.77	-2.92
88.15	-2.57
90.05	-2.54
91.92	-2.84
94.18	-2.39
96.04	-2.74
358
# a b m n u i err  k rhoa
2	5	3	4	9.05000000000000e+00	1.00000000000000e-01	3.00000000000000e-02	1.24431284858243e+01	1.12610312796710e+03
3	6	4	5	7.13000000000000e+00	1.00000000000000e-01	3.00000000000000e-02	1.13632193766869e+01	8.10197541557773e+02
4	7	5	6	8.79000000000000e+00	1.00000000000000e-01	3.00000000000000e-02	1.35991144010987e+01	1.19536215585658e+03
5	8	6	7	6.88000000000000e+00	1.00000000000000e-01	3.00000000000000e-02	1.11641221759008e+01	7.68091605701977e+02
6	9	7	8	7.59000000000000e+00	1.00000000000000e-01	3.00000000000000e-02	1.37384055720590e+01	1.04274498291928e+03
7	10	8	9	6.61000000000000e+00	1.00000000000000e-01	3.00000000000000e-02	1.21959113918049e+01	8.06149742998302e+02
8	11	9	10	7.97000000000000e+00	1.00000000000000e-01	3.00000000000000e-02	1.26638799040742e+01	1.00931122835471e+03
9	12	10	11	6.35000000000000e+00	1.00000000000000e-01	3.00000000000000e-02	1.26441488780406e+01	8.02903453755577e+02
10	13	11	12	7.48000000000000e+00	1.00000000000000e-01	3.00000000000000e-02	1.23655167859100e+01	9.24940655586067e+02
11	14	12	13	7.58000000000000e+00	1.00000000000000e-01	3.00000000000000e-02	1.30412548045132e+01	9.88527114182103e+02
12	15	13	14	6.78000000000000e+00	1.00000000000000e-01	3.00000000000000e-02	1.15626345853766e+01	7.83946624888533e+02
13	16	14	15	8.89000000000000e+00	1.00000000000000e-01	3.00000000000000e-02	1.39372703239484e+01	1.23902333179902e+03
14	17	15	16	8.09000000000000e+00	1.00000000000000e-01	3.00000000000000e-02	1.09532064009630e+01	8.86114397837906e+02
19	22	20	21	1.22300000000000e+01	1.00000000000000e-01	3.00000000000000e-02	1.17644201877908e+01	1.43878858896682e+03
20	23	21	22	1.06300000000000e+01	1.00000000000000e-01	3.00000000000000e-02	1.29671758660618e+01	1.37841079456237e+03
21	24	22	23	1.06200000000000e+01	1.00000000000000e-01	3.00000000000000e-02	1.18282430183317e+01	1.25615940854683e+03
22	25	23	24	1.11600000000000e+01	1.00000000000000e-01	3.00000000000000e-02	1.37052432053536e+01	1.52950514171747e+03
23	26	24	25	9.82000000000000e+00	1.00000000000000e-01	3.00000000000000e-02	1.14287480352127e+01	1.12230305705789e+03
24	27	25	26	9.42000000000000e+00	1.00000000000000e-01	3.00000000000000e-02	1.33972144483367e+01	1.26201760103332e+03
25	28	26	27	8.68000000000000e+00	1.00000000000000e-01	3.00000000000000e-02	1.26966135381440e+01	1.10206605511090e+03
27	30	28	29	8.31000000000000e+00	1.00000000000000e-01	3.00000000000000e-02	1.50999101154170e+01	1.25480253059115e+03
28	31	29	30	8.69000000000000e+00	1.00000000000000e-01	3.00000000000000e-02	8.94815300934427e+00	7.77594496512017e+02
29	32	30	31	1.08300000000000e+01	1.00000000000000e-01	3.00000000000000e-02	1.74155162122787e+01	1.88610040578978e+03
31	34	32	33	1.08600000000000e+01	1.00000000000000e-01	3.00000000000000e-02	1.14669878279937e+01	1.24531487812011e+03
37	40	38	39	1.09300000000000e+01	1.00000000000000e-01	3.00000000000000e-02	1.21783942371922e+01	1.33109849012511e+03
38	41	39	40	9.37000000000000e+00	1.00000000000000e-01	3.00000000000000e-02	1.50363358770291e+01	1.40890467167763e+03
43	46	44	45	9.67000000000000e+00	1.00000000000000e-01	3.00000000000000e-02	1.26859180133333e+01	1.22672827188933e+03
45	48	46	47	8.47000000000000e+00	1.00000000000000e-01	3.00000000000000e-02	1.65132693842692e+01	1.39867391684760e+03
2	8	4	6	3.91000000000000e+00	1.00000000000000e-01	3.00000000000000e-02	2.53514412616496e+01	9.91241353330501e+02
3	9	5	7	4.17000000000000e+00	1.00000000000000e-01	3.00000000000000e-02	2.58775998396996e+01	1.07909591331547e+03
4	10	6	8	3.37000000000000e+00	1.00000000000000e-01	3.00000000000000e-02	2.57215433421619e+01	8.66816010630856e+02
5	11	7	9	3.34000000000000e+00	1.00000000000000e-01	3.00000000000000e-02	2.46510018268063e+01	8.23343461015331e+02
6	12	8	10	4.00000000000000e+00	1.00000000000000e-01	3.00000000000000e-02	2.29597138615197e+01	9.18388554460786e+02
7	13	9	11	3.73000000000000e+00	1.00000000000000e-01	3.00000000000000e-02	2.29565401988801e+01	8.56278949418229e+02
8	14	10	12	3.98000000000000e+00	1.00000000000000e-01	3.00000000000000e-02	2.65422023210413e+01	1.05637965237744e+03
9	15	11	13	4.18000000000000e+00	1.00000000000000e-01	3.00000000000000e-02	2.71736949813246e+01	1.13586045021937e+03
10	16	12	14	4.41000000000000e+00	1.00000000000000e-01	3.00000000000000e-02	2.61242328810480e+01	1.15207867005422e+03
11	17	13	15	4.39000000000000e+00	1.00000000000000e-01	3.00000000000000e-02	2.40055173555228e+01	1.05384221190745e+03
12	18	14	16	5.57000000000000e+00	1.00000000000000e-01	3.00000000000000e-02	2.28384370954745e+01	1.27210094621793e+03
13	19	15	17	5.55000000000000e+00	1.00000000000000e-01	3.00000000000000e-02	2.69376521293227e+01	1.49503969317741e+03
14	20	16	18	4.74000000000000e+00	1.00000000000000e-01	3.00000000000000e-02	2.81382699492872e+01	1.33375399559621e+03
15	21	17	19	5.15000000000000e+00	1.00000000000000e-01	3.00000000000000e-02	2.39846488141282e+01	1.23520941392760e+03
16	22	18	20	5.72000000000000e+00	1.00000000000000e-01	3.00000000000000e-02	2.36879357794719e+01	1.35494992658579e+03
17	23	19	21	6.50000000000000e+00	1.00000000000000e-01	3.00000000000000e-02	2.75487158509101e+01	1.79066653030916e+03
18	24	20	22	5.97000000000000e+00	1.00000000000000e-01	3.00000000000000e-02	2.43667819003983e+01	1.45469687945378e+03
19	25	21	23	5.44000000000000e+00	1.00000000000000e-01	3.00000000000000e-02	2.42323017096032e+01	1.31823721300241e+03
20	26	22	24	4.61000000000000e+00	1.00000000000000e-01	3.00000000000000e-02	2.72888889357641e+01	1.25801777993872e+03
21	27	23	25	5.52000000000000e+00	1.00000000000000e-01	3.00000000000000e-02	2.62539357819822e+01	1.44921725516541e+03
22	28	24	26	5.81000000000000e+00	1.00000000000000e-01	3.00000000000000e-02	2.50424038640398e+01	1.45496366450071e+03
23	29	25	27	5.79000000000000e+00	1.00000000000000e-01	3.00000000000000e-02	2.50404601491198e+01	1.44984264263403e+03
24	30	26	28	5.18000000000000e+00	1.00000000000000e-01	3.00000000000000e-02	2.66996800564108e+01	1.38304342692208e+03
25	31	27	29	5.38000000000000e+00	1.00000000000000e-01	3.00000000000000e-02	2.42168168163847e+01	1.30286474472150e+03
26	32	28	30	6.75000000000000e+00	1.00000000000000e-01	3.00000000000000e-02	2.10013181895529e+01	1.41758897779482e+03
27	33	29	31	6.94000000000000e+00	1.00000000000000e-01	3.00000000000000e-02	2.71619526523159e+01	1.88503951407072e+03
28	34	30	32	4.69000000000000e+00	1.00000000000000e-01	3.00000000000000e-02	3.17771859634203e+01	1.49035002168441e+03
29	35	31	33	4.97000000000000e+00	1.00000000000000e-01	3.00000000000000e-02	2.44920532474838e+01	1.21725504639994e+03
30	36	32	34	7.86000000000000e+00	1.00000000000000e-01	3.00000000000000e-02	2.15561481964557e+01	1.69431324824142e+03
31	37	33	35	8.75000000000000e+00	1.00000000000000e-01	3.00000000000000e-02	2.47376257707868e+01	2.16454225494385e+03
32	38	34	36	6.19000000000000e+00	1.00000000000000e-01	3.00000000000000e-02	2.48503222390299e+01	1.53823494659595e+03
33	39	35	37	5.30000000000000e+00	1.00000000000000e-01	3.00000000000000e-02	2.83092796568558e+01	1.50039182181336e+03
34	40	36	38	7.02000000000000e+00	1.00000000000000e-01	3.00000000000000e-02	2.75105202386966e+01	1.93123852075650e+03
35	41	37	39	8.01000000000000e+00	1.00000000000000e-01	3.00000000000000e-02	2.27671816263997e+01	1.82365124827462e+03
36	42	38	40	6.94000000000000e+00	1.00000000000000e-01	3.00000000000000e-02	2.44197264042344e+01	1.69472901245387e+03
37	43	39	41	6.18000000000000e+00	1.00000000000000e-01	3.00000000000000e-02	2.73956843892824e+01	1.69305329525765e+03
38	44	40	42	7.97000000000000e+00	1.00000000000000e-01	3.00000000000000e-02	2.48049037101406e+01	1.97695082569820e+03
39	45	41	43	8.19000000000000e+00	1.00000000000000e-01	3.00000000000000e-02	2.30348122992435e+01	1.88655112730805e+03
40	46	42	44	6.95000000000000e+00	1.00000000000000e-01	3.00000000000000e-02	2.85096237976368e+01	1.98141885393576e+03
41	47	43	45	6.25000000000000e+00	1.00000000000000e-01	3.00000000000000e-02	2.73416683380523e+01	1.70885427112827e+03
42	48	44	46	7.45000000000000e+00	1.00000000000000e-01	3.00000000000000e-02	2.17543229969600e+01	1.62069706327352e+03
43	49	45	47	6.57000000000000e+00	1.00000000000000e-01	3.00000000000000e-02	2.39109483984669e+01	1.57094930977928e+03
44	50	46	48	6.81000000000000e+00	1.00000000000000e-01	3.00000000000000e-02	2.73981959961797e+01	1.86581714733984e+03
2	11	5	8	2.45000000000000e+00	1.00000000000000e-01	3.00000000000000e-02	4.09564672305546e+01	1.00343344714859e+03
3	12	6	9	2.40000000000000e+00	1.00000000000000e-01	3.00000000000000e-02	3.61372065950581e+01	8.67292958281395e+02
4	13	7	10	2.52000000000000e+00	1.00000000000000e-01	3.00000000000000e-02	3.36620902856019e+01	8.48284675197169e+02
5	14	8	11	2.57000000000000e+00	1.00000000000000e-01	3.00000000000000e-02	3.29389288753883e+01	8.46530472097480e+02
6	15	9	12	2.88000000000000e+00	1.00000000000000e-01	3.00000000000000e-02	3.59269476798787e+01	1.03469609318051e+03
7	16	10	13	2.83000000000000e+00	1.00000000000000e-01	3.00000000000000e-02	4.07234387870896e+01	1.15247331767464e+03
8	17	11	14	2.81000000000000e+00	1.00000000000000e-01	3.00000000000000e-02	4.08167772481285e+01	1.14695144067241e+03
9	18	12	15	3.23000000000000e+00	1.00000000000000e-01	3.00000000000000e-02	3.89400904838704e+01	1.25776492262901e+03
10	19	13	16	3.20000000000000e+00	1.00000000000000e-01	3.00000000000000e-02	3.68278351669228e+01	1.17849072534153e+03
11	20	14	17	3.80000000000000e+00	1.00000000000000e-01	3.00000000000000e-02	3.79011895115425e+01	1.44024520143861e+03
12	21	15	18	3.06000000000000e+00	1.00000000000000e-01	3.00000000000000e-02	3.85572756382861e+01	1.17985263453156e+03
13	22	16	19	3.46000000000000e+00	1.00000000000000e-01	3.00000000000000e-02	3.81751155855601e+01	1.32085899926038e+03
14	23	17	20	3.39000000000000e+00	1.00000000000000e-01	3.00000000000000e-02	3.76437471410961e+01	1.27612302808316e+03
15	24	18	21	4.40000000000000e+00	1.00000000000000e-01	3.00000000000000e-02	3.51294568751879e+01	1.54569610250827e+03
16	25	19	22	4.10000000000000e+00	1.00000000000000e-01	3.00000000000000e-02	3.73400080853216e+01	1.53094033149818e+03
17	26	20	23	4.00000000000000e+00	1.00000000000000e-01	3.00000000000000e-02	3.72359518391995e+01	1.48943807356798e+03
18	27	21	24	3.23000000000000e+00	1.00000000000000e-01	3.00000000000000e-02	4.07113435272609e+01	1.31497639593053e+03
19	28	22	25	3.55000000000000e+00	1.00000000000000e-01	3.00000000000000e-02	3.98434387908181e+01	1.41444207707404e+03
20	29	23	26	3.81000000000000e+00	1.00000000000000e-01	3.00000000000000e-02	4.14117390293714e+01	1.57778725701905e+03
21	30	24	27	4.32000000000000e+00	1.00000000000000e-01	3.00000000000000e-02	3.96830851266961e+01	1.71430927747327e+03
22	31	25	28	4.25000000000000e+00	1.00000000000000e-01	3.00000000000000e-02	3.57742646914976e+01	1.52040624938865e+03
23	32	26	29	4.48000000000000e+00	1.00000000000000e-01	3.00000000000000e-02	3.45666357792195e+01	1.54858528290904e+03
24	33	27	30	4.67000000000000e+00	1.00000000000000e-01	3.00000000000000e-02	3.35722906832485e+01	1.56782597490770e+03
25	34	28	31	4.21000000000000e+00	1.00000000000000e-01	3.00000000000000e-02	3.92173181961876e+01	1.65104909605950e+03
26	35	29	32	3.74000000000000e+00	1.00000000000000e-01	3.00000000000000e-02	4.10187497904187e+01	1.53410124216166e+03
27	36	30	33	3.63000000000000e+00	1.00000000000000e-01	3.00000000000000e-02	4.34118455539227e+01	1.57584999360739e+03
28	37	31	34	4.92000000000000e+00	1.00000000000000e-01	3.00000000000000e-02	3.65447084004539e+01	1.79799965330233e+03
29	38	32	35	5.38000000000000e+00	1.00000000000000e-01	3.00000000000000e-02	3.60867197201131e+01	1.94146552094209e+03
30	39	33	36	5.77000000000000e+00	1.00000000000000e-01	3.00000000000000e-02	3.61684603656227e+01	2.08692016309643e+03
31	40	34	37	4.64000000000000e+00	1.00000000000000e-01	3.00000000000000e-02	4.12470939288650e+01	1.91386515829934e+03
32	41	35	38	4.79000000000000e+00	1.00000000000000e-01	3.00000000000000e-02	4.07252586181272e+01	1.95073988780829e+03
33	42	36	39	4.85000000000000e+00	1.00000000000000e-01	3.00000000000000e-02	3.77395997222525e+01	1.83037058652925e+03
34	43	37	40	5.08000000000000e+00	1.00000000000000e-01	3.00000000000000e-02	3.58978420586099e+01	1.82361037657738e+03
35	44	38	41	5.30000000000000e+00	1.00000000000000e-01	3.00000000000000e-02	3.48864335658143e+01	1.84898097898816e+03
36	45	39	42	5.05000000000000e+00	1.00000000000000e-01	3.00000000000000e-02	3.64882036094530e+01	1.84265428227737e+03
37	46	40	43	5.62000000000000e+00	1.00000000000000e-01	3.00000000000000e-02	3.96625901829754e+01	2.22903756828322e+03
38	47	41	44	5.41000000000000e+00	1.00000000000000e-01	3.00000000000000e-02	4.06041862451933e+01	2.19668647586496e+03
39	48	42	45	5.65000000000000e+00	1.00000000000000e-01	3.00000000000000e-02	4.00650441158146e+01	2.26367499254352e+03
40	49	43	46	4.68000000000000e+00	1.00000000000000e-01	3.00000000000000e-02	3.85270207011518e+01	1.80306456881390e+03
41	50	44	47	5.08000000000000e+00	1.00000000000000e-01	3.00000000000000e-02	3.65990968799482e+01	1.85923412150137e+03
2	14	6	10	2.07000000000000e+00	1.00000000000000e-01	3.00000000000000e-02	4.58777753775463e+01	9.49669950315208e+02
3	15	7	11	2.06000000000000e+00	1.00000000000000e-01	3.00000000000000e-02	4.47328921101704e+01	9.21497577469511e+02
4	16	8	12	2.14000000000000e+00	1.00000000000000e-01	3.00000000000000e-02	4.59769254509037e+01	9.83906204649340e+02
5	17	9	13	2.24000000000000e+00	1.00000000000000e-01	3.00000000000000e-02	4.82903180678018e+01	1.08170312471876e+03
6	18	10	14	2.27000000000000e+00	1.00000000000000e-01	3.00000000000000e-02	5.14804563476531e+01	1.16860635909172e+03
7	19	11	15	2.23000000000000e+00	1.00000000000000e-01	3.00000000000000e-02	5.54279861202205e+01	1.23604409048092e+03
8	20	12	16	2.53000000000000e+00	1.00000000000000e-01	3.00000000000000e-02	5.22957412513843e+01	1.32308225366002e+03
9	21	13	17	2.54000000000000e+00	1.00000000000000e-01	3.00000000000000e-02	5.22812614783980e+01	1.32794404155131e+03
10	22	14	18	2.47000000000000e+00	1.00000000000000e-01	3.00000000000000e-02	5.15112890153732e+01	1.27232883867972e+03
11	23	15	19	2.59000000000000e+00	1.00000000000000e-01	3.00000000000000e-02	4.73058555028943e+01	1.22522165752496e+03
12	24	16	20	2.70000000000000e+00	1.00000000000000e-01	3.00000000000000e-02	4.97725528257998e+01	1.34385892629659e+03
13	25	17	21	2.91000000000000e+00	1.00000000000000e-01	3.00000000000000e-02	4.79383530784803e+01	1.39500607458378e+03
14	26	18	22	3.00000000000000e+00	1.00000000000000e-01	3.00000000000000e-02	4.67027938603924e+01	1.40108381581177e+03
15	27	19	23	2.78000000000000e+00	1.00000000000000e-01	3.00000000000000e-02	5.09863554877510e+01	1.41742068255948e+03
16	28	20	24	2.95000000000000e+00	1.00000000000000e-01	3.00000000000000e-02	5.17488553337986e+01	1.52659123234706e+03
17	29	21	25	2.91000000000000e+00	1.00000000000000e-01	3.00000000000000e-02	5.41890023350402e+01	1.57689996794967e+03
18	30	22	26	2.78000000000000e+00	1.00000000000000e-01	3.00000000000000e-02	5.80108886094269e+01	1.61270270334207e+03
19	31	23	27	3.11000000000000e+00	1.00000000000000e-01	3.00000000000000e-02	5.19216175173499e+01	1.61476230478958e+03
20	32	24	28	3.70000000000000e+00	1.00000000000000e-01	3.00000000000000e-02	4.81759824160711e+01	1.78251134939463e+03
21	33	25	29	3.62000000000000e+00	1.00000000000000e-01	3.00000000000000e-02	4.86290502117125e+01	1.76037161766399e+03
22	34	26	30	3.45000000000000e+00	1.00000000000000e-01	3.00000000000000e-02	4.39943521493115e+01	1.51780514915125e+03
23	35	27	31	3.23000000000000e+00	1.00000000000000e-01	3.00000000000000e-02	4.92136524537469e+01	1.58960097425602e+03
24	36	28	32	3.06000000000000e+00	1.00000000000000e-01	3.00000000000000e-02	5.35890654988081e+01	1.63982540426353e+03
25	37	29	33	3.20000000000000e+00	1.00000000000000e-01	3.00000000000000e-02	5.02964829033874e+01	1.60948745290840e+03
26	38	30	34	3.53000000000000e+00	1.00000000000000e-01	3.00000000000000e-02	5.69487859469450e+01	2.01029214392716e+03
27	39	31	35	3.66000000000000e+00	1.00000000000000e-01	3.00000000000000e-02	5.26835168189241e+01	1.92821671557262e+03
28	40	32	36	4.37000000000000e+00	1.00000000000000e-01	3.00000000000000e-02	4.94305681105295e+01	2.16011582643014e+03
29	41	33	37	4.18000000000000e+00	1.00000000000000e-01	3.00000000000000e-02	5.46443052887657e+01	2.28413196107041e+03
30	42	34	38	4.07000000000000e+00	1.00000000000000e-01	3.00000000000000e-02	4.92173612747377e+01	2.00314660388182e+03
31	43	35	39	3.89000000000000e+00	1.00000000000000e-01	3.00000000000000e-02	5.00376798690565e+01	1.94646574690630e+03
32	44	36	40	3.55000000000000e+00	1.00000000000000e-01	3.00000000000000e-02	4.99680864726510e+01	1.77386706977911e+03
33	45	37	41	4.12000000000000e+00	1.00000000000000e-01	3.00000000000000e-02	4.48213497278363e+01	1.84663960878686e+03
34	46	38	42	4.01000000000000e+00	1.00000000000000e-01	3.00000000000000e-02	4.94284032363410e+01	1.98207896977727e+03
35	47	39	43	4.47000000000000e+00	1.00000000000000e-01	3.00000000000000e-02	4.94313300139526e+01	2.20958045162368e+03
36	48	40	44	4.37000000000000e+00	1.00000000000000e-01	3.00000000000000e-02	5.13485148358048e+01	2.24393009832467e+03
37	49	41	45	3.99000000000000e+00	1.00000000000000e-01	3.00000000000000e-02	5.71064833494165e+01	2.27854868564172e+03
38	50	42	46	4.30000000000000e+00	1.00000000000000e-01	3.00000000000000e-02	5.01280303105641e+01	2.15550530335425e+03
2	17	7	12	1.82000000000000e+01	1.00000000000000e+00	3.00000000000000e-02	5.79329597938458e+01	1.05437986824799e+03
3	18	8	13	1.97100000000000e+01	1.00000000000000e+00	3.00000000000000e-02	5.78276147878557e+01	1.13978228746864e+03
4	19	9	14	1.88600000000000e+01	1.00000000000000e+00	3.00000000000000e-02	6.17047241468644e+01	1.16375109740986e+03
5	20	10	15	1.95600000000000e+01	1.00000000000000e+00	3.00000000000000e-02	6.44728519477126e+01	1.26108898409726e+03
6	21	11	16	2.03700000000000e+01	1.00000000000000e+00	3.00000000000000e-02	6.55607573144747e+01	1.33547262649585e+03
7	22	12	17	2.12300000000000e+01	1.00000000000000e+00	3.00000000000000e-02	6.71458457782042e+01	1.42550630587128e+03
8	23	13	18	2.00300000000000e+01	1.00000000000000e+00	3.00000000000000e-02	6.62073168447042e+01	1.32613255639943e+03
9	24	14	19	2.22900000000000e+01	1.00000000000000e+00	3.00000000000000e-02	6.04315544854833e+01	1.34701934948142e+03
10	25	15	20	2.19800000000000e+01	1.00000000000000e+00	3.00000000000000e-02	5.98976484338431e+01	1.31655031257587e+03
11	26	16	21	2.30300000000000e+01	1.00000000000000e+00	3.00000000000000e-02	6.00180245241116e+01	1.38221510479029e+03
12	27	17	22	2.28500000000000e+01	1.00000000000000e+00	3.00000000000000e-02	5.87589887025231e+01	1.34264289185265e+03
13	28	18	23	2.42700000000000e+01	1.00000000000000e+00	3.00000000000000e-02	6.04337799742635e+01	1.46672783997537e+03
14	29	19	24	2.43800000000000e+01	1.00000000000000e+00	3.00000000000000e-02	6.66518609115567e+01	1.62497236902375e+03
15	30	20	25	2.43700000000000e+01	1.00000000000000e+00	3.00000000000000e-02	6.77024119484501e+01	1.64990777918373e+03
16	31	21	26	2.42500000000000e+01	1.00000000000000e+00	3.00000000000000e-02	6.56833672067671e+01	1.59282165476410e+03
17	32	22	27	2.64800000000000e+01	1.00000000000000e+00	3.00000000000000e-02	6.57150684247555e+01	1.74013501188753e+03
18	33	23	28	2.66400000000000e+01	1.00000000000000e+00	3.00000000000000e-02	6.51119725496368e+01	1.73458294872232e+03
19	34	24	29	2.71800000000000e+01	1.00000000000000e+00	3.00000000000000e-02	6.04147244286034e+01	1.64207220996944e+03
20	35	25	30	2.86600000000000e+01	1.00000000000000e+00	3.00000000000000e-02	5.78380244905430e+01	1.65763778189896e+03
21	36	26	31	2.80900000000000e+01	1.00000000000000e+00	3.00000000000000e-02	6.18487728867245e+01	1.73733203038809e+03
22	37	27	32	2.68700000000000e+01	1.00000000000000e+00	3.00000000000000e-02	6.14566941621645e+01	1.65134137213736e+03
23	38	28	33	2.64300000000000e+01	1.00000000000000e+00	3.00000000000000e-02	6.28688901653362e+01	1.66162476706984e+03
24	39	29	34	3.03100000000000e+01	1.00000000000000e+00	3.00000000000000e-02	6.70726055835415e+01	2.03297067523714e+03
25	40	30	35	3.07700000000000e+01	1.00000000000000e+00	3.00000000000000e-02	7.09012537230320e+01	2.18163157705769e+03
26	41	31	36	3.25000000000000e+01	1.00000000000000e+00	3.00000000000000e-02	6.59493987318324e+01	2.14335545878455e+03
27	42	32	37	3.30900000000000e+01	1.00000000000000e+00	3.00000000000000e-02	6.63957053930912e+01	2.19703389145739e+03
28	43	33	38	3.42000000000000e+01	1.00000000000000e+00	3.00000000000000e-02	6.53889932537536e+01	2.23630356927837e+03
29	44	34	39	3.30100000000000e+01	1.00000000000000e+00	3.00000000000000e-02	6.01645524075959e+01	1.98603187497474e+03
30	45	35	40	3.29200000000000e+01	1.00000000000000e+00	3.00000000000000e-02	5.76256232759614e+01	1.89703551824465e+03
31	46	36	41	3.27800000000000e+01	1.00000000000000e+00	3.00000000000000e-02	6.21750859170576e+01	2.03809931636115e+03
32	47	37	42	3.45800000000000e+01	1.00000000000000e+00	3.00000000000000e-02	5.86825707853160e+01	2.02924329775623e+03
33	48	38	43	3.41100000000000e+01	1.00000000000000e+00	3.00000000000000e-02	5.91927617934473e+01	2.01906510477449e+03
34	49	39	44	3.43100000000000e+01	1.00000000000000e+00	3.00000000000000e-02	6.60418603495263e+01	2.26589622859225e+03
35	50	40	45	3.47100000000000e+01	1.00000000000000e+00	3.00000000000000e-02	6.48706264631814e+01	2.25165944453703e+03
2	20	8	14	1.72100000000000e+01	1.00000000000000e+00	3.00000000000000e-02	7.13663805426100e+01	1.22821540913832e+03
3	21	9	15	1.80300000000000e+01	1.00000000000000e+00	3.00000000000000e-02	7.38959487025682e+01	1.33234395510731e+03
4	22	10	16	1.75200000000000e+01	1.00000000000000e+00	3.00000000000000e-02	7.52696338398862e+01	1.31872398487481e+03
5	23	11	17	1.88400000000000e+01	1.00000000000000e+00	3.00000000000000e-02	7.84986229834136e+01	1.47891405700751e+03
6	24	12	18	1.81300000000000e+01	1.00000000000000e+00	3.00000000000000e-02	7.79501091079599e+01	1.41323547812731e+03
7	25	13	19	1.90700000000000e+01	1.00000000000000e+00	3.00000000000000e-02	7.31117598497061e+01	1.39424126033390e+03
8	26	14	20	1.91600000000000e+01	1.00000000000000e+00	3.00000000000000e-02	7.46942073746635e+01	1.43114101329855e+03
9	27	15	21	1.98700000000000e+01	1.00000000000000e+00	3.00000000000000e-02	7.20200007353866e+01	1.43103741461213e+03
10	28	16	22	2.02700000000000e+01	1.00000000000000e+00	3.00000000000000e-02	7.29999345114697e+01	1.47970867254749e+03
11	29	17	23	1.90400000000000e+01	1.00000000000000e+00	3.00000000000000e-02	7.16933356524844e+01	1.36504111082330e+03
12	30	18	24	1.97800000000000e+01	1.00000000000000e+00	3.00000000000000e-02	7.62505137184095e+01	1.50823516135014e+03
13	31	19	25	2.00100000000000e+01	1.00000000000000e+00	3.00000000000000e-02	7.83086370475158e+01	1.56695582732079e+03
14	32	20	26	2.16900000000000e+01	1.00000000000000e+00	3.00000000000000e-02	7.67781984456544e+01	1.66531912428624e+03
15	33	21	27	2.19900000000000e+01	1.00000000000000e+00	3.00000000000000e-02	7.87066861697797e+01	1.73076002887346e+03
16	34	22	28	2.10800000000000e+01	1.00000000000000e+00	3.00000000000000e-02	7.61282424429883e+01	1.60478335069819e+03
17	35	23	29	2.27500000000000e+01	1.00000000000000e+00	3.00000000000000e-02	7.70478994163476e+01	1.75283971172191e+03
18	36	24	30	2.35300000000000e+01	1.00000000000000e+00	3.00000000000000e-02	7.18216097357170e+01	1.68996247708142e+03
19	37	25	31	2.42600000000000e+01	1.00000000000000e+00	3.00000000000000e-02	7.34544815211822e+01	1.78200572170388e+03
20	38	26	32	2.22900000000000e+01	1.00000000000000e+00	3.00000000000000e-02	7.59603788781527e+01	1.69315684519402e+03
21	39	27	33	2.28300000000000e+01	1.00000000000000e+00	3.00000000000000e-02	7.57617151545846e+01	1.72963995697917e+03
22	40	28	34	2.71300000000000e+01	1.00000000000000e+00	3.00000000000000e-02	7.78462631196936e+01	2.11196911843729e+03
23	41	29	35	2.66000000000000e+01	1.00000000000000e+00	3.00000000000000e-02	7.91499255771661e+01	2.10538802035262e+03
24	42	30	36	2.69100000000000e+01	1.00000000000000e+00	3.00000000000000e-02	8.38157881522656e+01	2.25548285917747e+03
25	43	31	37	2.53100000000000e+01	1.00000000000000e+00	3.00000000000000e-02	8.10226728594923e+01	2.05068385007375e+03
26	44	32	38	3.04600000000000e+01	1.00000000000000e+00	3.00000000000000e-02	7.63261642099929e+01	2.32489496183638e+03
27	45	33	39	3.07200000000000e+01	1.00000000000000e+00	3.00000000000000e-02	7.38635060518563e+01	2.26908690591302e+03
28	46	34	40	2.68500000000000e+01	1.00000000000000e+00	3.00000000000000e-02	7.44309019328944e+01	1.99846971689821e+03
29	47	35	41	2.91300000000000e+01	1.00000000000000e+00	3.00000000000000e-02	7.11714066110768e+01	2.07322307458067e+03
30	48	36	42	2.81800000000000e+01	1.00000000000000e+00	3.00000000000000e-02	7.00555326083161e+01	1.97416490890235e+03
31	49	37	43	3.09900000000000e+01	1.00000000000000e+00	3.00000000000000e-02	7.13054628036668e+01	2.20975629228563e+03
32	50	38	44	2.69100000000000e+01	1.00000000000000e+00	3.00000000000000e-02	7.41511195570179e+01	1.99540662727935e+03
2	23	9	16	1.69900000000000e+01	1.00000000000000e+00	3.00000000000000e-02	8.46786228444470e+01	1.43868980212715e+03
3	24	10	17	1.76900000000000e+01	1.00000000000000e+00	3.00000000000000e-02	8.75355736769327e+01	1.54850429834494e+03
4	25	11	18	1.66100000000000e+01	1.00000000000000e+00	3.00000000000000e-02	8.89118433175860e+01	1.47682571750510e+03
5	26	12	19	1.71300000000000e+01	1.00000000000000e+00	3.00000000000000e-02	8.46293733949051e+01	1.44970116625472e+03
6	27	13	20	1.70300000000000e+01	1.00000000000000e+00	3.00000000000000e-02	8.60959828540314e+01	1.46621458800416e+03
7	28	14	21	1.83900000000000e+01	1.00000000000000e+00	3.00000000000000e-02	8.61402458046900e+01	1.58411912034825e+03
8	29	15	22	1.79100000000000e+01	1.00000000000000e+00	3.00000000000000e-02	8.58329974314833e+01	1.53726898399787e+03
9	30	16	23	1.70400000000000e+01	1.00000000000000e+00	3.00000000000000e-02	8.92742042111044e+01	1.52123243975722e+03
10	31	17	24	1.67900000000000e+01	1.00000000000000e+00	3.00000000000000e-02	8.56389915859743e+01	1.43787866872851e+03
11	32	18	25	1.82700000000000e+01	1.00000000000000e+00	3.00000000000000e-02	8.41945501488372e+01	1.53823443121926e+03
12	33	19	26	1.83800000000000e+01	1.00000000000000e+00	3.00000000000000e-02	9.06222662979761e+01	1.66563725455680e+03
13	34	20	27	1.83200000000000e+01	1.00000000000000e+00	3.00000000000000e-02	8.90712683296199e+01	1.63178563579864e+03
14	35	21	28	1.78700000000000e+01	1.00000000000000e+00	3.00000000000000e-02	8.88260037948051e+01	1.58732068781317e+03
15	36	22	29	1.85900000000000e+01	1.00000000000000e+00	3.00000000000000e-02	9.01586917441269e+01	1.67605007952332e+03
16	37	23	30	2.07600000000000e+01	1.00000000000000e+00	3.00000000000000e-02	8.36100771453570e+01	1.73574520153761e+03
17	38	24	31	2.05500000000000e+01	1.00000000000000e+00	3.00000000000000e-02	8.92161184216217e+01	1.83339123356433e+03
18	39	25	32	1.93600000000000e+01	1.00000000000000e+00	3.00000000000000e-02	9.25217652782250e+01	1.79122137578644e+03
19	40	26	33	2.03000000000000e+01	1.00000000000000e+00	3.00000000000000e-02	8.80183863109418e+01	1.78677324211212e+03
20	41	27	34	2.17300000000000e+01	1.00000000000000e+00	3.00000000000000e-02	9.10374230604504e+01	1.97824320310359e+03
21	42	28	35	2.35800000000000e+01	1.00000000000000e+00	3.00000000000000e-02	9.17033457415702e+01	2.16236489258623e+03
22	43	29	36	2.33300000000000e+01	1.00000000000000e+00	3.00000000000000e-02	9.09440619736602e+01	2.12172496584549e+03
23	44	30	37	2.23900000000000e+01	1.00000000000000e+00	3.00000000000000e-02	9.65925209997679e+01	2.16270654518480e+03
24	45	31	38	2.39800000000000e+01	1.00000000000000e+00	3.00000000000000e-02	8.96906544020960e+01	2.15078189256226e+03
25	46	32	39	2.54200000000000e+01	1.00000000000000e+00	3.00000000000000e-02	8.72794678397446e+01	2.21864407248631e+03
26	47	33	40	2.58700000000000e+01	1.00000000000000e+00	3.00000000000000e-02	8.73282789186858e+01	2.25918257562640e+03
27	48	34	41	2.44600000000000e+01	1.00000000000000e+00	3.00000000000000e-02	8.45892690794769e+01	2.06905352168401e+03
28	49	35	42	2.45100000000000e+01	1.00000000000000e+00	3.00000000000000e-02	8.51254795275364e+01	2.08642550321992e+03
29	50	36	43	2.49000000000000e+01	1.00000000000000e+00	3.00000000000000e-02	8.34422570834214e+01	2.07771220137719e+03
2	26	10	18	1.56100000000000e+01	1.00000000000000e+00	3.00000000000000e-02	9.94521900462996e+01	1.55244868662274e+03
3	27	11	19	1.62200000000000e+01	1.00000000000000e+00	3.00000000000000e-02	9.66794248043089e+01	1.56814027032589e+03
4	28	12	20	1.58200000000000e+01	1.00000000000000e+00	3.00000000000000e-02	9.83444048628437e+01	1.55580848493019e+03
5	29	13	21	1.63100000000000e+01	1.00000000000000e+00	3.00000000000000e-02	9.65495172897036e+01	1.57472262699507e+03
6	30	14	22	1.62800000000000e+01	1.00000000000000e+00	3.00000000000000e-02	9.99310274162013e+01	1.62687712633576e+03
7	31	15	23	1.58700000000000e+01	1.00000000000000e+00	3.00000000000000e-02	9.71149477238130e+01	1.54121422037691e+03
8	32	16	24	1.60400000000000e+01	1.00000000000000e+00	3.00000000000000e-02	1.00950885761455e+02	1.61925220761374e+03
9	33	17	25	1.57800000000000e+01	1.00000000000000e+00	3.00000000000000e-02	9.90896948999220e+01	1.56363538552077e+03
10	34	18	26	1.57600000000000e+01	1.00000000000000e+00	3.00000000000000e-02	9.78132384573018e+01	1.54153663808708e+03
11	35	19	27	1.57100000000000e+01	1.00000000000000e+00	3.00000000000000e-02	1.01062849157284e+02	1.58769736026093e+03
12	36	20	28	1.58800000000000e+01	1.00000000000000e+00	3.00000000000000e-02	9.95749319439906e+01	1.58124991927057e+03
13	37	21	29	1.65600000000000e+01	1.00000000000000e+00	3.00000000000000e-02	1.00101954476754e+02	1.65768836613505e+03
14	38	22	30	1.71500000000000e+01	1.00000000000000e+00	3.00000000000000e-02	9.83536798043577e+01	1.68676560864473e+03
15	39	23	31	1.73300000000000e+01	1.00000000000000e+00	3.00000000000000e-02	1.05856159046068e+02	1.83448723626836e+03
16	40	24	32	1.76200000000000e+01	1.00000000000000e+00	3.00000000000000e-02	1.03799735494023e+02	1.82895133940469e+03
17	41	25	33	1.79100000000000e+01	1.00000000000000e+00	3.00000000000000e-02	1.04660452178396e+02	1.87446869851507e+03
18	42	26	34	1.94200000000000e+01	1.00000000000000e+00	3.00000000000000e-02	1.04850664058052e+02	2.03619989600736e+03
19	43	27	35	1.94400000000000e+01	1.00000000000000e+00	3.00000000000000e-02	1.02975639022319e+02	2.00184642259389e+03
20	44	28	36	2.07400000000000e+01	1.00000000000000e+00	3.00000000000000e-02	1.03094362466111e+02	2.13817707754715e+03
21	45	29	37	2.04600000000000e+01	1.00000000000000e+00	3.00000000000000e-02	1.04609875524958e+02	2.14031805324064e+03
22	46	30	38	2.11000000000000e+01	1.00000000000000e+00	3.00000000000000e-02	1.08458879548503e+02	2.28848235847342e+03
23	47	31	39	2.23000000000000e+01	1.00000000000000e+00	3.00000000000000e-02	9.82861925480760e+01	2.19178209382210e+03
24	48	32	40	2.20700000000000e+01	1.00000000000000e+00	3.00000000000000e-02	9.82678963034459e+01	2.16877247141705e+03
25	49	33	41	2.29100000000000e+01	1.00000000000000e+00	3.00000000000000e-02	9.92864455414027e+01	2.27465246735354e+03
26	50	34	42	2.07600000000000e+01	1.00000000000000e+00	3.00000000000000e-02	9.70431157504680e+01	2.01461508297972e+03
2	29	11	20	1.49100000000000e+01	1.00000000000000e+00	3.00000000000000e-02	1.11043231515718e+02	1.65565458189935e+03
3	30	12	21	1.53400000000000e+01	1.00000000000000e+00	3.00000000000000e-02	1.11057753767534e+02	1.70362594279397e+03
4	31	13	22	1.49600000000000e+01	1.00000000000000e+00	3.00000000000000e-02	1.06874794856196e+02	1.59884693104869e+03
5	32	14	23	1.51700000000000e+01	1.00000000000000e+00	3.00000000000000e-02	1.07156599562450e+02	1.62556561536237e+03
6	33	15	24	1.49700000000000e+01	1.00000000000000e+00	3.00000000000000e-02	1.11185590037372e+02	1.66444828285946e+03
7	34	16	25	1.41600000000000e+01	1.00000000000000e+00	3.00000000000000e-02	1.12749283194384e+02	1.59652985003247e+03
8	35	17	26	1.38400000000000e+01	1.00000000000000e+00	3.00000000000000e-02	1.12541553489192e+02	1.55757510029042e+03
9	36	18	27	1.44600000000000e+01	1.00000000000000e+00	3.00000000000000e-02	1.11252477604621e+02	1.60871082616283e+03
10	37	19	28	1.45800000000000e+01	1.00000000000000e+00	3.00000000000000e-02	1.11016081295147e+02	1.61861446528324e+03
11	38	20	29	1.46000000000000e+01	1.00000000000000e+00	3.00000000000000e-02	1.10938464479298e+02	1.61970158139774e+03
12	39	21	30	1.49900000000000e+01	1.00000000000000e+00	3.00000000000000e-02	1.11275895557613e+02	1.66802567440862e+03
13	40	22	31	1.52300000000000e+01	1.00000000000000e+00	3.00000000000000e-02	1.18281358108304e+02	1.80142508398947e+03
14	41	23	32	1.49700000000000e+01	1.00000000000000e+00	3.00000000000000e-02	1.20627148327173e+02	1.80578841045778e+03
15	42	24	33	1.57200000000000e+01	1.00000000000000e+00	3.00000000000000e-02	1.17142418038507e+02	1.84147881156534e+03
16	43	25	34	1.70300000000000e+01	1.00000000000000e+00	3.00000000000000e-02	1.17304121890059e+02	1.99768919578770e+03
17	44	26	35	1.78000000000000e+01	1.00000000000000e+00	3.00000000000000e-02	1.16183743512126e+02	2.06807063451584e+03
18	45	27	36	1.80100000000000e+01	1.00000000000000e+00	3.00000000000000e-02	1.15181400312492e+02	2.07441701962798e+03
19	46	28	37	1.78200000000000e+01	1.00000000000000e+00	3.00000000000000e-02	1.19297754214622e+02	2.12588598010457e+03
20	47	29	38	1.89700000000000e+01	1.00000000000000e+00	3.00000000000000e-02	1.16168890616543e+02	2.20372385499583e+03
21	48	30	39	1.93200000000000e+01	1.00000000000000e+00	3.00000000000000e-02	1.16130485046441e+02	2.24364097109724e+03
22	49	31	40	1.91000000000000e+01	1.00000000000000e+00	3.00000000000000e-02	1.11947460835383e+02	2.13819650195582e+03
23	50	32	41	1.97400000000000e+01	1.00000000000000e+00	3.00000000000000e-02	1.07376493213142e+02	2.11961197602743e+03
2	32	12	22	1.46600000000000e+01	1.00000000000000e+00	3.00000000000000e-02	1.19055358463466e+02	1.74535155507441e+03
3	33	13	23	1.43700000000000e+01	1.00000000000000e+00	3.00000000000000e-02	1.18845476551885e+02	1.70780949805059e+03
4	34	14	24	1.34500000000000e+01	1.00000000000000e+00	3.00000000000000e-02	1.21023287133104e+02	1.62776321194025e+03
5	35	15	25	1.31600000000000e+01	1.00000000000000e+00	3.00000000000000e-02	1.21029589014570e+02	1.59274939143174e+03
6	36	16	26	1.30400000000000e+01	1.00000000000000e+00	3.00000000000000e-02	1.25836850180520e+02	1.64091252635398e+03
7	37	17	27	1.31800000000000e+01	1.00000000000000e+00	3.00000000000000e-02	1.22423188106020e+02	1.61353761923734e+03
8	38	18	28	1.33000000000000e+01	1.00000000000000e+00	3.00000000000000e-02	1.22869442948240e+02	1.63416359121159e+03
9	39	19	29	1.31100000000000e+01	1.00000000000000e+00	3.00000000000000e-02	1.27753802552958e+02	1.67485235146927e+03
10	40	20	30	1.41300000000000e+01	1.00000000000000e+00	3.00000000000000e-02	1.21962235493835e+02	1.72332638752789e+03
11	41	21	31	1.35400000000000e+01	1.00000000000000e+00	3.00000000000000e-02	1.29353081388069e+02	1.75144072199445e+03
12	42	22	32	1.32200000000000e+01	1.00000000000000e+00	3.00000000000000e-02	1.32329160272274e+02	1.74939149879947e+03
13	43	23	33	1.32800000000000e+01	1.00000000000000e+00	3.00000000000000e-02	1.31935991265288e+02	1.75210996400302e+03
14	44	24	34	1.51100000000000e+01	1.00000000000000e+00	3.00000000000000e-02	1.29224799988450e+02	1.95258672782549e+03
15	45	25	35	1.55800000000000e+01	1.00000000000000e+00	3.00000000000000e-02	1.29083899031168e+02	2.01112714690560e+03
16	46	26	36	1.61800000000000e+01	1.00000000000000e+00	3.00000000000000e-02	1.28561385559944e+02	2.08012321835989e+03
17	47	27	37	1.64100000000000e+01	1.00000000000000e+00	3.00000000000000e-02	1.30736908656945e+02	2.14539267106047e+03
18	48	28	38	1.64900000000000e+01	1.00000000000000e+00	3.00000000000000e-02	1.30231578456838e+02	2.14751872875326e+03
19	49	29	39	1.71700000000000e+01	1.00000000000000e+00	3.00000000000000e-02	1.26185269318719e+02	2.16660107420240e+03
20	50	30	40	1.60600000000000e+01	1.00000000000000e+00	3.00000000000000e-02	1.28708747345719e+02	2.06706248237225e+03
2	35	13	24	1.27000000000000e+01	1.00000000000000e+00	3.00000000000000e-02	1.32482304512310e+02	1.68252526730634e+03
3	36	14	25	1.27700000000000e+01	1.00000000000000e+00	3.00000000000000e-02	1.32920774944068e+02	1.69739829603575e+03
4	37	15	26	1.26800000000000e+01	1.00000000000000e+00	3.00000000000000e-02	1.32141936182387e+02	1.67555975079266e+03
5	38	16	27	1.23900000000000e+01	1.00000000000000e+00	3.00000000000000e-02	1.35547717799929e+02	1.67943622354112e+03
6	39	17	28	1.20800000000000e+01	1.00000000000000e+00	3.00000000000000e-02	1.35991360578023e+02	1.64277563578251e+03
7	40	18	29	1.23000000000000e+01	1.00000000000000e+00	3.00000000000000e-02	1.36308079748169e+02	1.67658938090248e+03
8	41	19	30	1.26800000000000e+01	1.00000000000000e+00	3.00000000000000e-02	1.38641841552340e+02	1.75797855088367e+03
9	42	20	31	1.28100000000000e+01	1.00000000000000e+00	3.00000000000000e-02	1.41871108201598e+02	1.81736889606247e+03
10	43	21	32	1.16400000000000e+01	1.00000000000000e+00	3.00000000000000e-02	1.43741845830373e+02	1.67315508546554e+03
11	44	22	33	1.23100000000000e+01	1.00000000000000e+00	3.00000000000000e-02	1.41423073175437e+02	1.74091803078962e+03
12	45	23	34	1.34800000000000e+01	1.00000000000000e+00	3.00000000000000e-02	1.42558738323429e+02	1.92169179259983e+03
13	46	24	35	1.39300000000000e+01	1.00000000000000e+00	3.00000000000000e-02	1.43475948041038e+02	1.99861995621167e+03
14	47	25	36	1.40000000000000e+01	1.00000000000000e+00	3.00000000000000e-02	1.40811475320606e+02	1.97136065448849e+03
15	48	26	37	1.40500000000000e+01	1.00000000000000e+00	3.00000000000000e-02	1.43103459573578e+02	2.01060360700877e+03
16	49	27	38	1.51400000000000e+01	1.00000000000000e+00	3.00000000000000e-02	1.41305590894583e+02	2.13936664614398e+03
17	50	28	39	1.51800000000000e+01	1.00000000000000e+00	3.00000000000000e-02	1.38875258350154e+02	2.10812642175534e+03
2	38	14	26	1.20300000000000e+01	1.00000000000000e+00	3.00000000000000e-02	1.45537298767244e+02	1.75081370416995e+03
3	39	15	27	1.17500000000000e+01	1.00000000000000e+00	3.00000000000000e-02	1.46187281074227e+02	1.71770055262217e+03
4	40	16	28	1.16500000000000e+01	1.00000000000000e+00	3.00000000000000e-02	1.47483511074288e+02	1.71818290401545e+03
5	41	17	29	1.13300000000000e+01	1.00000000000000e+00	3.00000000000000e-02	1.47602497914627e+02	1.67233630137273e+03
6	42	18	30	1.20300000000000e+01	1.00000000000000e+00	3.00000000000000e-02	1.45969751627874e+02	1.75601611208332e+03
7	43	19	31	1.12400000000000e+01	1.00000000000000e+00	3.00000000000000e-02	1.55897037909389e+02	1.75228270610153e+03
8	44	20	32	1.12200000000000e+01	1.00000000000000e+00	3.00000000000000e-02	1.55611167076114e+02	1.74595729459400e+03
9	45	21	33	1.12300000000000e+01	1.00000000000000e+00	3.00000000000000e-02	1.54136879528747e+02	1.73095715710783e+03
10	46	22	34	1.21000000000000e+01	1.00000000000000e+00	3.00000000000000e-02	1.56899917708665e+02	1.89848900427485e+03
11	47	23	35	1.26900000000000e+01	1.00000000000000e+00	3.00000000000000e-02	1.54499740935803e+02	1.96060171247534e+03
12	48	24	36	1.31300000000000e+01	1.00000000000000e+00	3.00000000000000e-02	1.52357560947364e+02	2.00045477523889e+03
13	49	25	37	1.27900000000000e+01	1.00000000000000e+00	3.00000000000000e-02	1.57257947827691e+02	2.01132915271617e+03
14	50	26	38	1.29900000000000e+01	1.00000000000000e+00	3.00000000000000e-02	1.52419058738068e+02	1.97992357300751e+03
2	41	15	28	1.12700000000000e+01	1.00000000000000e+00	3.00000000000000e-02	1.58111306150196e+02	1.78191442031271e+03
3	42	16	29	1.12600000000000e+01	1.00000000000000e+00	3.00000000000000e-02	1.60212839845432e+02	1.80399657665956e+03
4	43	17	30	1.07900000000000e+01	1.00000000000000e+00	3.00000000000000e-02	1.56157340016031e+02	1.68493769877298e+03
5	44	18	31	1.08500000000000e+01	1.00000000000000e+00	3.00000000000000e-02	1.60516601459451e+02	1.74160512583504e+03
6	45	19	32	1.05800000000000e+01	1.00000000000000e+00	3.00000000000000e-02	1.67466840483280e+02	1.77179917231310e+03
7	46	20	33	1.06500000000000e+01	1.00000000000000e+00	3.00000000000000e-02	1.67521044431642e+02	1.78409912319699e+03
8	47	21	34	1.13900000000000e+01	1.00000000000000e+00	3.00000000000000e-02	1.68829781710150e+02	1.92297121367861e+03
9	48	22	35	1.12500000000000e+01	1.00000000000000e+00	3.00000000000000e-02	1.68699249255615e+02	1.89786655412567e+03
10	49	23	36	1.16600000000000e+01	1.00000000000000e+00	3.00000000000000e-02	1.67633022413288e+02	1.95460104133894e+03
11	50	24	37	1.14000000000000e+01	1.00000000000000e+00	3.00000000000000e-02	1.65879805830808e+02	1.89102978647121e+03
2	44	16	30	1.07500000000000e+01	1.00000000000000e+00	3.00000000000000e-02	1.68176145019481e+02	1.80789355895942e+03
3	45	17	31	1.02500000000000e+01	1.00000000000000e+00	3.00000000000000e-02	1.71089246565459e+02	1.75366477729595e+03
4	46	18	32	1.00800000000000e+01	1.00000000000000e+00	3.00000000000000e-02	1.75067721901108e+02	1.76468263676317e+03
5	47	19	33	9.92000000000000e+00	1.00000000000000e+00	3.00000000000000e-02	1.76874102269290e+02	1.75459109451136e+03
6	48	20	34	1.06700000000000e+01	1.00000000000000e+00	3.00000000000000e-02	1.78657415647242e+02	1.90627462495608e+03
7	49	21	35	1.06500000000000e+01	1.00000000000000e+00	3.00000000000000e-02	1.81613527958386e+02	1.93418407275681e+03
8	50	22	36	1.06000000000000e+01	1.00000000000000e+00	3.00000000000000e-02	1.80418894493426e+02	1.91244028163031e+03
2	47	17	32	9.69000000000000e+00	1.00000000000000e+00	3.00000000000000e-02	1.84997933367191e+02	1.79262997432808e+03
3	48	18	33	9.71000000000000e+00	1.00000000000000e+00	3.00000000000000e-02	1.83783782696887e+02	1.78454052998678e+03
4	49	19	34	9.89000000000000e+00	1.00000000000000e+00	3.00000000000000e-02	1.90623341339037e+02	1.88526484584308e+03
5	50	20	35	9.87000000000000e+00	1.00000000000000e+00	3.00000000000000e-02	1.88373850381996e+02	1.85924990327030e+03
2	50	18	34	9.47000000000000e+00	1.00000000000000e+00	3.00000000000000e-02	1.96286451680929e+02	1.85883269741840e+03
0
